x_r y_r z_r a_r b_r c_r x_c y_c z_c a_c b_c c_c
0.700467 -0.499642 1.4103 1.571 -5.82984e-05 2.31523e-06 0.700207 -0.500085 1.41036 1.57098 -9.15686e-06 0.000113871
0.700469 -0.499652 1.4103 1.57102 -5.26716e-05 1.37144e-07 0.700207 -0.500085 1.41036 1.57098 -9.26714e-06 0.000113878
0.700452 -0.499685 1.41031 1.57101 -6.20559e-05 -1.17698e-05 0.700207 -0.500084 1.41036 1.57098 -9.66425e-06 0.000113874
0.700438 -0.499713 1.41032 1.57099 -5.004e-05 -1.84297e-05 0.700207 -0.500084 1.41036 1.57098 -1.04302e-05 0.000113874
0.700428 -0.499736 1.41034 1.57099 -5.66861e-05 -7.18138e-05 0.700207 -0.500083 1.41036 1.57098 -1.15827e-05 0.000113869
0.700416 -0.499761 1.41035 1.57098 -5.6316e-05 -7.14608e-05 0.700208 -0.50008 1.41036 1.57098 -1.30545e-05 0.000113881
0.700414 -0.499775 1.41036 1.57099 -4.62471e-05 -9.64771e-05 0.700209 -0.500077 1.41036 1.57097 -1.4751e-05 0.000113874
0.700402 -0.499796 1.41038 1.57098 -4.19079e-05 -0.000148517 0.70021 -0.500071 1.41036 1.57097 -1.6573e-05 0.000113865
0.700389 -0.499822 1.41038 1.57097 -4.95653e-05 -0.000151935 0.700211 -0.500064 1.41036 1.57097 -1.85072e-05 0.000113876
0.700381 -0.49984 1.41039 1.57097 -4.76058e-05 -0.000143292 0.700213 -0.500053 1.41036 1.57097 -2.06361e-05 0.00011388
0.700372 -0.499854 1.41039 1.57097 -5.52435e-05 -0.00014676 0.700215 -0.500039 1.41036 1.57097 -2.31241e-05 0.000113881
0.700363 -0.499868 1.41039 1.57096 -6.29741e-05 -0.000150325 0.700218 -0.500021 1.41036 1.57097 -2.61315e-05 0.000113881
0.700355 -0.499884 1.41038 1.57096 -7.68143e-05 -0.000139229 0.700222 -0.499998 1.41036 1.57097 -2.97914e-05 0.000113891
0.700347 -0.499896 1.41038 1.57094 -7.32102e-05 -0.000122175 0.700227 -0.49997 1.41036 1.57097 -3.42361e-05 0.000113888
0.700335 -0.499909 1.41038 1.57094 -7.35346e-05 -0.00014144 0.700233 -0.499935 1.41036 1.57097 -3.95492e-05 0.000113889
0.700328 -0.49992 1.41038 1.57091 -6.54715e-05 -0.000137662 0.70024 -0.499893 1.41036 1.57097 -4.58321e-05 0.000113902
0.700324 -0.49993 1.41037 1.5709 -7.76949e-05 -0.000118166 0.70025 -0.499843 1.41036 1.57096 -5.31562e-05 0.000113909
0.700316 -0.499939 1.41037 1.57088 -5.83215e-05 -9.37819e-05 0.700261 -0.499784 1.41036 1.57096 -6.15548e-05 0.000113914
0.700308 -0.49995 1.41036 1.57087 -5.46489e-05 -7.66466e-05 0.700274 -0.499717 1.41036 1.57096 -7.09205e-05 0.000113909
0.700301 -0.499956 1.41037 1.57086 -5.19783e-05 -8.03347e-05 0.70029 -0.499639 1.41036 1.57095 -8.09685e-05 0.000113935
0.700298 -0.499961 1.41037 1.57083 -4.22925e-05 -6.81422e-05 0.700307 -0.49955 1.41036 1.57095 -9.08493e-05 0.000113938
0.700303 -0.499953 1.41036 1.57083 -3.25399e-05 -5.58666e-05 0.700326 -0.499448 1.41036 1.57095 -9.92951e-05 0.000113967
0.700292 -0.499964 1.41037 1.57079 -2.02372e-05 -4.74195e-05 0.700346 -0.499332 1.41035 1.57095 -0.000105245 0.000114001
0.700293 -0.499961 1.41036 1.57075 -8.86239e-06 -2.67293e-05 0.700367 -0.4992 1.41035 1.57094 -0.000108321 0.000114034
0.700291 -0.499958 1.41036 1.5707 -1.24181e-05 -1.5986e-05 0.700387 -0.499053 1.41034 1.57094 -0.000108898 0.00011409
0.70029 -0.499948 1.41037 1.57065 5.12164e-06 -4.28447e-05 0.700407 -0.498888 1.41033 1.57094 -0.000107631 0.000114158
0.70029 -0.499939 1.41037 1.57058 -3.89929e-06 -3.96477e-05 0.700427 -0.498704 1.41033 1.57094 -0.000105121 0.000114245
0.700303 -0.499904 1.41039 1.57054 9.76359e-06 -6.56995e-05 0.700445 -0.498501 1.41032 1.57095 -0.000102112 0.000114346
0.700311 -0.499864 1.41042 1.57049 1.89003e-05 -0.000111232 0.700462 -0.498277 1.41031 1.57095 -9.95973e-05 0.000114457
0.700331 -0.499802 1.41042 1.57046 2.75424e-05 -8.80167e-05 0.700478 -0.498033 1.4103 1.57095 -9.86845e-05 0.000114582
0.700344 -0.499737 1.41044 1.57042 5.1203e-05 -0.000119486 0.700493 -0.497768 1.4103 1.57094 -0.000100174 0.000114725
0.700364 -0.499642 1.41045 1.57038 5.16744e-05 -0.000137115 0.700508 -0.497482 1.41029 1.57094 -0.000103761 0.000114868
0.700388 -0.499526 1.41047 1.57038 7.10309e-05 -0.000163471 0.700521 -0.497174 1.41029 1.57094 -0.000108763 0.000115022
0.70042 -0.499379 1.41049 1.57041 8.94093e-05 -0.000192834 0.700534 -0.496842 1.41028 1.57094 -0.000114596 0.00011521
0.700451 -0.499205 1.41051 1.57045 9.09121e-05 -0.000236341 0.700546 -0.496488 1.41028 1.57094 -0.000120781 0.000115409
0.700459 -0.499031 1.41051 1.57044 5.55732e-05 -0.000239077 0.700557 -0.49611 1.41027 1.57093 -0.000127054 0.000115636
0.700459 -0.498843 1.41047 1.57039 2.80948e-05 -0.000191256 0.700568 -0.495708 1.41026 1.57093 -0.000132909 0.00011589
0.700438 -0.49866 1.41042 1.57023 -8.34076e-05 -0.000134014 0.700576 -0.495281 1.41026 1.57093 -0.000138237 0.000116172
0.700423 -0.498454 1.4104 1.57007 -0.000163397 -0.000124384 0.700584 -0.49483 1.41025 1.57093 -0.000143245 0.000116491
0.700418 -0.498214 1.41043 1.57005 -0.00022953 -0.000248755 0.700591 -0.494354 1.41025 1.57092 -0.00014875 0.000116828
0.70043 -0.497935 1.41049 1.57014 -0.00031318 -0.000404183 0.700597 -0.493853 1.41024 1.57092 -0.000155399 0.000117191
0.70043 -0.497642 1.41054 1.57017 -0.000397171 -0.000555235 0.700602 -0.493326 1.41024 1.57092 -0.000163716 0.000117568
0.700457 -0.497301 1.41059 1.57016 -0.000504611 -0.000711602 0.700606 -0.492773 1.41023 1.57091 -0.00017382 0.000117983
0.700496 -0.496931 1.41065 1.57015 -0.000620255 -0.000886809 0.700609 -0.492194 1.41023 1.57091 -0.000185846 0.000118397
0.700526 -0.496555 1.41067 1.57007 -0.000772174 -0.000960517 0.700611 -0.491589 1.41022 1.5709 -0.000200645 0.000118852
0.700536 -0.496183 1.4107 1.57007 -0.000951423 -0.00105689 0.70061 -0.490957 1.41022 1.5709 -0.000218468 0.00011931
0.700563 -0.495769 1.41075 1.57016 -0.00108186 -0.00117718 0.700607 -0.490299 1.41021 1.57089 -0.000239588 0.00011978
0.700583 -0.495335 1.4108 1.57013 -0.001157 -0.00128604 0.700601 -0.489615 1.41021 1.57088 -0.000264825 0.000120273
0.70062 -0.494846 1.41085 1.57011 -0.00123337 -0.00140313 0.700591 -0.488904 1.4102 1.57087 -0.000293194 0.000120784
0.700662 -0.494325 1.41095 1.57011 -0.00129908 -0.00162297 0.700578 -0.488163 1.4102 1.57086 -0.000323453 0.000121377
0.700691 -0.493777 1.41104 1.57032 -0.00134607 -0.00182573 0.700561 -0.487394 1.4102 1.57085 -0.000357913 0.000121965
0.700722 -0.493214 1.41112 1.57042 -0.0013873 -0.0019489 0.700542 -0.486596 1.4102 1.57083 -0.000398205 0.00012257
0.700765 -0.492615 1.41119 1.57049 -0.00143455 -0.00205301 0.70052 -0.48577 1.4102 1.57082 -0.000444125 0.000123222
0.700807 -0.491995 1.4113 1.57046 -0.00151609 -0.00223805 0.700494 -0.484915 1.4102 1.5708 -0.000495677 0.000123878
0.700844 -0.491345 1.4114 1.57053 -0.00166513 -0.00246608 0.700466 -0.484033 1.4102 1.57078 -0.000553685 0.000124529
0.700868 -0.490683 1.41152 1.57063 -0.00187105 -0.00276478 0.700435 -0.483123 1.4102 1.57076 -0.000618466 0.000125194
0.700909 -0.489972 1.41167 1.57079 -0.00211942 -0.00311729 0.700401 -0.482186 1.41021 1.57074 -0.00068914 0.000125875
0.700941 -0.489244 1.41182 1.57097 -0.00232319 -0.00342128 0.700363 -0.481222 1.41021 1.57072 -0.000764576 0.000126595
0.700993 -0.488474 1.41194 1.5711 -0.0025164 -0.0036756 0.70032 -0.480229 1.41021 1.57069 -0.0008434 0.000127396
0.701034 -0.487682 1.4121 1.57112 -0.00268491 -0.00397293 0.700273 -0.479208 1.41022 1.57066 -0.000928715 0.000128243
0.701065 -0.486862 1.41224 1.57118 -0.0027728 -0.0042396 0.700222 -0.478156 1.41022 1.57063 -0.00101807 0.00012919
0.701098 -0.486005 1.41238 1.57136 -0.00292985 -0.00453692 0.700168 -0.477073 1.41023 1.57061 -0.0011093 0.000130278
0.701117 -0.485158 1.41251 1.57143 -0.0031901 -0.00479452 0.700113 -0.475956 1.41024 1.57058 -0.00119966 0.000131528
0.701133 -0.484298 1.41267 1.57156 -0.00347394 -0.00513747 0.700057 -0.474806 1.41025 1.57055 -0.00129164 0.000132877
0.70117 -0.483373 1.41278 1.57158 -0.00376158 -0.00539049 0.699999 -0.473624 1.41025 1.57052 -0.00138741 0.000134284
0.701193 -0.482427 1.41295 1.57168 -0.00398127 -0.0057581 0.699939 -0.47241 1.41026 1.57049 -0.00148723 0.000135699
0.701209 -0.48144 1.41309 1.57181 -0.00416188 -0.00606652 0.699879 -0.471162 1.41026 1.57045 -0.00158858 0.000137225
0.701228 -0.480428 1.41326 1.57198 -0.00438888 -0.00642137 0.699818 -0.469881 1.41027 1.57042 -0.00169374 0.000138789
0.70124 -0.4794 1.41345 1.57202 -0.00465641 -0.00679843 0.699759 -0.468564 1.41027 1.57039 -0.00180151 0.000140453
0.701247 -0.478341 1.41365 1.57216 -0.00499586 -0.00721206 0.699702 -0.467208 1.41028 1.57035 -0.0019044 0.000142378
0.70125 -0.477268 1.41384 1.57221 -0.00531925 -0.00758308 0.699651 -0.465811 1.41028 1.57032 -0.00199554 0.000144722
0.701264 -0.476129 1.41399 1.57238 -0.00553048 -0.00795599 0.699605 -0.464373 1.41029 1.5703 -0.00208608 0.00014719
0.701234 -0.47501 1.41414 1.5724 -0.00578396 -0.00831562 0.699562 -0.462898 1.4103 1.57027 -0.00218038 0.00014969
0.701227 -0.473836 1.41431 1.57253 -0.00609786 -0.00870916 0.699521 -0.461387 1.41031 1.57023 -0.00227783 0.000152239
0.701221 -0.47263 1.41448 1.57253 -0.00645953 -0.00910363 0.699479 -0.459842 1.41032 1.5702 -0.00238067 0.000154768
0.701225 -0.471403 1.41467 1.57259 -0.00677154 -0.00947551 0.699436 -0.458263 1.41033 1.57017 -0.00249022 0.00015724
0.701225 -0.47015 1.41485 1.57269 -0.00702686 -0.00980997 0.699392 -0.456651 1.41033 1.57013 -0.00260615 0.000159698
0.701253 -0.468813 1.41508 1.57276 -0.00730604 -0.010265 0.699347 -0.455005 1.41034 1.57009 -0.00272385 0.00016229
0.701244 -0.467504 1.41524 1.57281 -0.00766386 -0.0105917 0.699303 -0.453323 1.41035 1.57006 -0.00284017 0.000165108
0.70126 -0.466116 1.41544 1.57294 -0.0079547 -0.0110221 0.699257 -0.451605 1.41035 1.57002 -0.00295642 0.000168116
0.70127 -0.464706 1.41563 1.57293 -0.0082522 -0.0113988 0.699212 -0.449852 1.41036 1.56998 -0.00307573 0.000171249
0.701273 -0.463269 1.41578 1.57306 -0.00864529 -0.0116948 0.699167 -0.448065 1.41037 1.56994 -0.00319793 0.000174463
0.701276 -0.461817 1.41595 1.57313 -0.00903111 -0.0119767 0.69912 -0.446245 1.41037 1.5699 -0.00332372 0.000177743
0.701301 -0.460288 1.41617 1.57335 -0.00932527 -0.0123612 0.69907 -0.444394 1.41038 1.56986 -0.00345451 0.000181044
0.701324 -0.45872 1.41639 1.57344 -0.00963467 -0.0127709 0.699019 -0.442512 1.41039 1.56982 -0.00358998 0.000184356
0.701335 -0.457144 1.41662 1.57357 -0.00995618 -0.0132131 0.698966 -0.440599 1.4104 1.56978 -0.00372997 0.000187686
0.701304 -0.455587 1.41678 1.57354 -0.0103481 -0.0135657 0.698911 -0.438658 1.41041 1.56973 -0.00387523 0.000191027
0.701304 -0.453949 1.41697 1.57359 -0.0107042 -0.0139267 0.698853 -0.436689 1.41041 1.56968 -0.00402485 0.00019441
0.701266 -0.452332 1.41712 1.57359 -0.0110213 -0.0142548 0.698794 -0.43469 1.41042 1.56964 -0.00417933 0.000197833
0.701225 -0.45068 1.41723 1.57368 -0.0114359 -0.0145345 0.698731 -0.432664 1.41043 1.56959 -0.00433843 0.000201351
0.70124 -0.44894 1.41741 1.57375 -0.0118117 -0.0148183 0.698664 -0.43061 1.41044 1.56953 -0.00450336 0.000204916
0.701247 -0.447198 1.41756 1.57383 -0.0121843 -0.0149611 0.698594 -0.428529 1.41045 1.56948 -0.00467168 0.000208604
0.701273 -0.445414 1.41774 1.57393 -0.0126082 -0.015236 0.698523 -0.42642 1.41047 1.56943 -0.00484239 0.000212465
0.701256 -0.443602 1.41793 1.57393 -0.0129118 -0.0156042 0.698448 -0.424285 1.41048 1.56937 -0.0050212 0.000216265
0.701212 -0.441794 1.41805 1.57381 -0.0132209 -0.0158898 0.698367 -0.422125 1.41049 1.56931 -0.00521315 0.000219875
0.701164 -0.439968 1.41821 1.57385 -0.0135875 -0.0162719 0.698279 -0.419943 1.4105 1.56925 -0.00541732 0.000223349
0.701121 -0.438099 1.41835 1.57386 -0.0139529 -0.0165661 0.698188 -0.417735 1.41051 1.56919 -0.00562505 0.000226984
0.701108 -0.436181 1.41851 1.57394 -0.014281 -0.0167601 0.698096 -0.4155 1.41052 1.56912 -0.00583528 0.000230747
0.701075 -0.43429 1.41862 1.57381 -0.0147441 -0.0168087 0.698003 -0.413239 1.41054 1.56905 -0.00604987 0.000234606
0.701017 -0.432356 1.41877 1.57377 -0.0151208 -0.0170954 0.697908 -0.410951 1.41055 1.56898 -0.00627062 0.000238463
0.700951 -0.430384 1.41887 1.57375 -0.015448 -0.017341 0.697809 -0.408637 1.41057 1.56891 -0.00650087 0.000242153
0.700879 -0.428396 1.41895 1.5736 -0.0158116 -0.0175751 0.697709 -0.4063 1.41058 1.56884 -0.00674121 0.000245586
0.70084 -0.426338 1.41903 1.57365 -0.0161745 -0.017672 0.697608 -0.403938 1.4106 1.56876 -0.00699333 0.00024869
0.700826 -0.424278 1.41915 1.57364 -0.0165635 -0.0176899 0.697505 -0.401552 1.41062 1.56868 -0.00725616 0.000251554
0.700782 -0.422222 1.41924 1.57359 -0.0169841 -0.0177128 0.6974 -0.399141 1.41064 1.5686 -0.00752499 0.000254346
0.700734 -0.420045 1.41935 1.5737 -0.0173208 -0.0180229 0.697296 -0.396703 1.41066 1.56851 -0.0077954 0.000257254
0.700655 -0.417921 1.41946 1.57365 -0.0176829 -0.0182692 0.697194 -0.394232 1.41068 1.56843 -0.00806224 0.00026058
0.70061 -0.415747 1.41957 1.57359 -0.0180685 -0.0184109 0.697098 -0.391724 1.4107 1.56835 -0.0083261 0.000264231
0.700615 -0.413517 1.41965 1.57364 -0.0184985 -0.0182549 0.697005 -0.38918 1.41071 1.56827 -0.00858694 0.000268137
0.700558 -0.411328 1.41972 1.57349 -0.0188954 -0.0182272 0.696914 -0.3866 1.41073 1.56818 -0.00884439 0.000272171
0.700493 -0.409068 1.41981 1.57349 -0.0192277 -0.0184404 0.696828 -0.383986 1.41074 1.56811 -0.00909547 0.000276326
0.700372 -0.40683 1.41988 1.57336 -0.019549 -0.0186686 0.696746 -0.381335 1.41075 1.56803 -0.00933895 0.0002806
0.700303 -0.404554 1.41995 1.57337 -0.0199592 -0.0187062 0.696671 -0.378648 1.41075 1.56795 -0.0095749 0.000284982
0.700264 -0.402254 1.42003 1.5732 -0.0203048 -0.0185879 0.696602 -0.375923 1.41076 1.56788 -0.00980183 0.000289476
0.700171 -0.399927 1.4201 1.57311 -0.0206395 -0.0186519 0.69654 -0.37316 1.41077 1.56781 -0.0100199 0.000294063
0.700053 -0.397583 1.42022 1.57286 -0.0209432 -0.0190068 0.696483 -0.370361 1.41077 1.56774 -0.0102343 0.00029849
0.699963 -0.395194 1.42032 1.57276 -0.0212044 -0.0191981 0.696433 -0.367527 1.41078 1.56768 -0.0104434 0.000302846
0.699904 -0.392766 1.42035 1.5726 -0.0214539 -0.0189991 0.696388 -0.364659 1.41079 1.56761 -0.0106446 0.000307198
0.699857 -0.390302 1.42039 1.57259 -0.0217453 -0.0188512 0.696349 -0.361757 1.4108 1.56755 -0.0108384 0.000311506
0.699754 -0.387828 1.42043 1.57256 -0.0219954 -0.018947 0.696315 -0.358822 1.41081 1.56749 -0.0110299 0.000315518
0.699655 -0.385343 1.42049 1.57235 -0.0222752 -0.0190977 0.696288 -0.355856 1.41081 1.56742 -0.0112188 0.000319259
0.699581 -0.382791 1.42049 1.57214 -0.0225616 -0.0190306 0.696267 -0.352859 1.41082 1.56736 -0.0114029 0.000322834
0.699572 -0.380188 1.42046 1.57203 -0.0228512 -0.0186824 0.696251 -0.349831 1.41083 1.5673 -0.0115821 0.000326197
0.699577 -0.377528 1.42045 1.57198 -0.0231357 -0.0184141 0.696238 -0.346776 1.41084 1.56724 -0.0117552 0.000329389
0.699494 -0.374917 1.42039 1.57184 -0.0233804 -0.0182559 0.696225 -0.343693 1.41084 1.56719 -0.0119188 0.0003325
0.699431 -0.372258 1.4204 1.57159 -0.0236264 -0.0182545 0.696216 -0.340581 1.41085 1.56714 -0.0120668 0.000335852
0.699374 -0.369566 1.42037 1.5715 -0.0238734 -0.0181122 0.696209 -0.337435 1.41085 1.56709 -0.0121967 0.000339638
0.699328 -0.366871 1.42035 1.57127 -0.0240454 -0.0179913 0.696206 -0.334255 1.41086 1.56705 -0.0123127 0.000343518
0.699312 -0.364079 1.42034 1.57123 -0.0242248 -0.0179216 0.696209 -0.331039 1.41087 1.56701 -0.0124099 0.000347671
0.699248 -0.361334 1.42026 1.5709 -0.0243938 -0.0176956 0.696219 -0.327788 1.41087 1.56698 -0.0124871 0.000351914
0.699222 -0.358529 1.42023 1.57058 -0.0245532 -0.017445 0.696236 -0.324505 1.41087 1.56695 -0.0125511 0.000355763
0.69922 -0.355636 1.42014 1.57041 -0.0247332 -0.0170642 0.69626 -0.321193 1.41087 1.56693 -0.0126092 0.000358829
0.699166 -0.352783 1.42002 1.57022 -0.0247914 -0.016829 0.696289 -0.317853 1.41086 1.5669 -0.0126616 0.000361069
0.699158 -0.349807 1.41994 1.57028 -0.024849 -0.0166612 0.696322 -0.314488 1.41086 1.56688 -0.0127073 0.000362567
0.699151 -0.346842 1.41984 1.57011 -0.0249752 -0.0163286 0.696357 -0.311099 1.41085 1.56685 -0.0127517 0.000363146
0.699149 -0.343885 1.41979 1.56989 -0.0251103 -0.0160753 0.696394 -0.307688 1.41085 1.56683 -0.0128001 0.000362658
0.699153 -0.34083 1.41968 1.56969 -0.0251586 -0.0158728 0.696436 -0.304256 1.41084 1.5668 -0.012849 0.00036145
0.699202 -0.33778 1.4195 1.56955 -0.0251812 -0.0153301 0.69648 -0.300803 1.41083 1.56678 -0.0128954 0.000359751
0.699269 -0.334704 1.41942 1.56937 -0.0252629 -0.0148856 0.696526 -0.29733 1.41083 1.56675 -0.0129339 0.000357874
0.699307 -0.331548 1.41927 1.5694 -0.0252675 -0.0145175 0.696576 -0.293832 1.41083 1.56673 -0.0129569 0.000356267
0.699298 -0.328422 1.41917 1.5692 -0.0252384 -0.0144786 0.696629 -0.290307 1.41083 1.56672 -0.0129621 0.000355079
0.69934 -0.325206 1.41904 1.56911 -0.0252132 -0.014215 0.696685 -0.286756 1.41083 1.56671 -0.0129552 0.000353815
0.699391 -0.322006 1.41887 1.5688 -0.0251896 -0.0136572 0.696745 -0.283183 1.41083 1.5667 -0.0129389 0.000352218
0.69945 -0.318702 1.41872 1.56891 -0.0251435 -0.0132908 0.696808 -0.279584 1.41084 1.5667 -0.0129085 0.000350449
0.699503 -0.31541 1.41863 1.56894 -0.0250611 -0.013091 0.696875 -0.27596 1.41084 1.5667 -0.0128611 0.000348589
0.699593 -0.312054 1.41848 1.56903 -0.0249562 -0.0125837 0.696946 -0.27231 1.41084 1.5667 -0.0127988 0.000346397
0.699664 -0.308706 1.41832 1.56882 -0.024821 -0.0121057 0.69702 -0.268638 1.41085 1.56671 -0.0127265 0.000343467
0.699733 -0.305304 1.41815 1.56884 -0.0246681 -0.0117945 0.697099 -0.264945 1.41085 1.56672 -0.0126493 0.000339565
0.699793 -0.301856 1.41803 1.56893 -0.0244671 -0.0116366 0.697183 -0.261231 1.41085 1.56673 -0.0125645 0.000334928
0.699925 -0.29836 1.41788 1.5691 -0.0242624 -0.0111671 0.697272 -0.257496 1.41085 1.56674 -0.0124713 0.000329625
0.70003 -0.294909 1.41769 1.56895 -0.0241114 -0.0105261 0.697364 -0.253742 1.41084 1.56675 -0.0123701 0.000323736
0.700141 -0.291428 1.41752 1.56893 -0.0239296 -0.0100933 0.69746 -0.249968 1.41084 1.56677 -0.0122607 0.000317303
0.700206 -0.287963 1.41733 1.56873 -0.0237647 -0.00977363 0.697558 -0.246177 1.41083 1.56678 -0.0121425 0.000310422
0.700292 -0.284448 1.41719 1.56878 -0.0235232 -0.00947087 0.69766 -0.242367 1.41082 1.5668 -0.0120145 0.000303234
0.700401 -0.280874 1.41708 1.56884 -0.0233149 -0.0091631 0.697766 -0.238539 1.41082 1.56682 -0.011879 0.00029565
0.700485 -0.277307 1.4169 1.56876 -0.0231155 -0.00875178 0.697875 -0.234696 1.41081 1.56685 -0.0117364 0.000287651
0.700577 -0.273662 1.41678 1.56886 -0.02284 -0.00856033 0.697986 -0.230839 1.4108 1.56687 -0.0115839 0.000279398
0.700656 -0.270068 1.41666 1.56876 -0.0226094 -0.00832555 0.698099 -0.226968 1.4108 1.5669 -0.0114195 0.000270965
0.700807 -0.266351 1.4165 1.56899 -0.0223008 -0.00789804 0.698213 -0.223084 1.41079 1.56694 -0.0112437 0.000262332
0.700908 -0.262678 1.41632 1.56902 -0.0219918 -0.00746774 0.698329 -0.219187 1.41078 1.56697 -0.0110559 0.000253499
0.701013 -0.258963 1.41615 1.56919 -0.0216696 -0.00717297 0.698445 -0.215279 1.41078 1.56701 -0.0108555 0.000244491
0.701135 -0.255183 1.41594 1.56914 -0.0213484 -0.00679221 0.698561 -0.21136 1.41077 1.56706 -0.0106422 0.000235287
0.701274 -0.251372 1.41581 1.56932 -0.0209978 -0.00649383 0.698677 -0.207433 1.41076 1.5671 -0.0104176 0.000225726
0.701415 -0.247614 1.41569 1.56942 -0.0206664 -0.00616423 0.698792 -0.203499 1.41076 1.56715 -0.0101839 0.000215715
0.701535 -0.243855 1.41547 1.56944 -0.0203301 -0.00572279 0.698907 -0.19956 1.41075 1.5672 -0.00994348 0.000205098
0.701638 -0.240108 1.41526 1.56927 -0.0199599 -0.00542795 0.69902 -0.195618 1.41074 1.56725 -0.00969795 0.000193801
0.701751 -0.236324 1.41502 1.56927 -0.0195079 -0.00502404 0.699131 -0.191675 1.41073 1.5673 -0.00944878 0.000181817
0.701902 -0.23253 1.41482 1.56919 -0.0191336 -0.00445731 0.69924 -0.187733 1.41072 1.56735 -0.00919806 0.00016908
0.702056 -0.228682 1.41463 1.56928 -0.0186879 -0.00392011 0.699347 -0.183793 1.41071 1.56741 -0.00894686 0.000155591
0.702169 -0.224869 1.41441 1.56916 -0.0182044 -0.00346554 0.699451 -0.179857 1.4107 1.56746 -0.00869514 0.000141446
0.702273 -0.221034 1.41423 1.56929 -0.0177862 -0.0032496 0.699553 -0.175925 1.41069 1.56751 -0.00844366 0.000126649
0.702383 -0.217149 1.41402 1.56935 -0.017257 -0.00296463 0.699651 -0.172 1.41068 1.56756 -0.00819444 0.000111167
0.702506 -0.213246 1.41382 1.56955 -0.0167559 -0.00253342 0.699746 -0.168084 1.41067 1.56761 -0.00794926 9.49562e-05
0.702625 -0.209353 1.41365 1.56961 -0.0162262 -0.00213209 0.699838 -0.164177 1.41067 1.56766 -0.00770854 7.81004e-05
0.702721 -0.205442 1.41343 1.56979 -0.0157253 -0.00179864 0.699927 -0.16028 1.41066 1.5677 -0.00747248 6.06537e-05
0.702833 -0.20151 1.41324 1.56987 -0.0152019 -0.00152722 0.700012 -0.156395 1.41065 1.56775 -0.00724171 4.26346e-05
0.702944 -0.197569 1.41302 1.57012 -0.0146382 -0.00115564 0.700094 -0.152523 1.41064 1.56779 -0.00701637 2.41271e-05
0.703069 -0.193667 1.41277 1.57014 -0.0140778 -0.000538249 0.700173 -0.148664 1.41063 1.56783 -0.00679556 5.27456e-06
0.703182 -0.189809 1.41259 1.57024 -0.0135551 -0.000128694 0.700249 -0.144818 1.41062 1.56787 -0.00657831 -1.38451e-05
0.70328 -0.185875 1.41234 1.57045 -0.0129822 0.000236236 0.70032 -0.140987 1.41061 1.56791 -0.00636513 -3.32073e-05
0.703354 -0.182045 1.41213 1.57039 -0.0124904 0.000461613 0.700389 -0.13717 1.41061 1.56794 -0.00615752 -5.2856e-05
0.703443 -0.178149 1.41194 1.57033 -0.0120248 0.000718573 0.700455 -0.133369 1.4106 1.56798 -0.00595599 -7.27927e-05
0.703527 -0.174294 1.41169 1.5704 -0.0114843 0.00117495 0.700518 -0.129585 1.41059 1.56801 -0.0057603 -9.2941e-05
0.703618 -0.170427 1.41151 1.57041 -0.0108605 0.00158485 0.700578 -0.125817 1.41059 1.56804 -0.00557096 -0.000113313
0.703728 -0.166496 1.41134 1.57073 -0.0103338 0.00194763 0.700635 -0.122067 1.41058 1.56807 -0.00538833 -0.000133926
0.703793 -0.162648 1.41113 1.57085 -0.00979809 0.00220012 0.70069 -0.118336 1.41058 1.5681 -0.00521197 -0.000154716
0.703855 -0.158802 1.41093 1.57101 -0.00923544 0.00242267 0.700742 -0.114623 1.41058 1.56812 -0.00504156 -0.000175649
0.703925 -0.154919 1.41069 1.57111 -0.0086335 0.00278261 0.700792 -0.110928 1.41057 1.56815 -0.00487648 -0.000196652
0.703984 -0.15113 1.41049 1.57104 -0.00810465 0.00314329 0.700838 -0.107252 1.41057 1.56817 -0.00471612 -0.00021766
0.704057 -0.147302 1.41028 1.57107 -0.0075324 0.00355199 0.700883 -0.103594 1.41056 1.56819 -0.00455918 -0.000238586
0.704127 -0.143477 1.41006 1.57126 -0.00690764 0.00401093 0.700924 -0.0999554 1.41056 1.56821 -0.00440516 -0.000259399
0.704171 -0.13972 1.40989 1.57127 -0.0063328 0.00424318 0.700962 -0.0963365 1.41055 1.56823 -0.00425531 -0.000280187
0.704204 -0.13592 1.40971 1.57146 -0.00583745 0.00437401 0.700998 -0.0927379 1.41055 1.56824 -0.00411058 -0.000300942
0.704239 -0.13219 1.40953 1.5715 -0.00533937 0.00458012 0.701031 -0.0891604 1.41054 1.56826 -0.00397129 -0.000321672
0.704278 -0.128401 1.40933 1.57166 -0.00480482 0.00486359 0.701062 -0.0856042 1.41054 1.56827 -0.00383751 -0.000342367
0.704293 -0.124727 1.40916 1.57157 -0.00427034 0.00505327 0.701091 -0.08207 1.41054 1.56829 -0.00370955 -0.000363025
0.704294 -0.121084 1.40898 1.57164 -0.00377474 0.00526545 0.701118 -0.0785582 1.41053 1.5683 -0.00358664 -0.000383607
0.704323 -0.117365 1.40885 1.57178 -0.00334335 0.00542327 0.701142 -0.0750696 1.41053 1.56831 -0.00346856 -0.000404114
0.704349 -0.113743 1.40873 1.57187 -0.00285635 0.00566299 0.701165 -0.0716049 1.41053 1.56831 -0.00335605 -0.000424558
0.704356 -0.110114 1.40859 1.57181 -0.00235622 0.0058048 0.701186 -0.0681645 1.41052 1.56832 -0.00324892 -0.000444939
0.704359 -0.106455 1.4084 1.57171 -0.00182531 0.00596684 0.701205 -0.064749 1.41052 1.56833 -0.0031468 -0.000465248
0.704354 -0.102864 1.40823 1.57163 -0.00137723 0.00608866 0.701223 -0.0613589 1.41052 1.56833 -0.00304922 -0.000485439
0.704362 -0.0992312 1.40806 1.57168 -0.00095926 0.006273 0.701238 -0.0579943 1.41052 1.56833 -0.00295542 -0.000505512
0.704365 -0.0957064 1.40791 1.57176 -0.000508519 0.00648573 0.701252 -0.0546555 1.41051 1.56833 -0.00286537 -0.000525429
0.704359 -0.092173 1.40774 1.57174 4.12781e-06 0.00672098 0.701264 -0.0513429 1.41051 1.56833 -0.002779 -0.000545225
0.704359 -0.0886254 1.40761 1.57186 0.000443168 0.00683574 0.701274 -0.0480567 1.41051 1.56833 -0.00269606 -0.000564874
0.704345 -0.0851308 1.4075 1.57174 0.000820836 0.00687248 0.701283 -0.0447976 1.4105 1.56833 -0.00261741 -0.000584422
0.704339 -0.0816446 1.4074 1.57177 0.00118914 0.00695245 0.70129 -0.0415663 1.4105 1.56833 -0.00254319 -0.00060386
0.704334 -0.0781982 1.40727 1.57172 0.00161322 0.00714209 0.701295 -0.0383632 1.4105 1.56832 -0.00247363 -0.000623197
0.704321 -0.0747636 1.40713 1.57183 0.00212008 0.00734007 0.701299 -0.0351882 1.41049 1.56831 -0.00240793 -0.000642419
0.704293 -0.0713207 1.40698 1.57192 0.00261401 0.00745306 0.701302 -0.0320418 1.41049 1.56831 -0.00234609 -0.0006615
0.704257 -0.0678807 1.40685 1.57204 0.00301699 0.00746369 0.701303 -0.0289244 1.41049 1.5683 -0.00228855 -0.000680521
0.704218 -0.0645307 1.4067 1.5719 0.00337982 0.00757016 0.701303 -0.0258363 1.41049 1.56829 -0.00223452 -0.00069942
0.704182 -0.0611284 1.40657 1.57201 0.00372372 0.00763837 0.701301 -0.0227775 1.41049 1.56828 -0.00218272 -0.000718198
0.704142 -0.057816 1.40647 1.57202 0.00404903 0.00767122 0.701299 -0.0197479 1.41049 1.56827 -0.00213218 -0.000736813
0.704098 -0.0544658 1.40636 1.57221 0.00445112 0.00775671 0.701295 -0.0167471 1.4105 1.56826 -0.0020827 -0.000755284
0.704052 -0.051223 1.4063 1.57222 0.00474038 0.00775245 0.70129 -0.0137757 1.4105 1.56825 -0.00203547 -0.000773687
0.704002 -0.0480504 1.40622 1.57207 0.00501763 0.00781541 0.701284 -0.0108341 1.4105 1.56823 -0.00199079 -0.000792035
0.703963 -0.0448598 1.40615 1.57207 0.00524606 0.00788889 0.701277 -0.00792211 1.4105 1.56822 -0.00194743 -0.00081033
0.703914 -0.0416902 1.40607 1.57203 0.00547959 0.0078925 0.701269 -0.00503931 1.4105 1.56821 -0.0019038 -0.000828505
0.703864 -0.0385455 1.40599 1.5721 0.00573667 0.00790883 0.701261 -0.00218554 1.41051 1.5682 -0.00185922 -0.000846572
0.703813 -0.0354042 1.40588 1.5721 0.00614056 0.00798848 0.701251 0.000639096 1.41051 1.56818 -0.00181404 -0.000864577
0.703758 -0.0322729 1.40579 1.57223 0.00649203 0.00802521 0.701241 0.00343407 1.41051 1.56817 -0.00176983 -0.000882588
0.703712 -0.0291891 1.40573 1.5722 0.00675031 0.00803639 0.70123 0.00619884 1.41051 1.56816 -0.00172701 -0.000900633
0.703645 -0.0261577 1.40564 1.57218 0.00699918 0.00803642 0.701218 0.00893314 1.41052 1.56815 -0.00168459 -0.000918709
0.703601 -0.0231656 1.40556 1.57205 0.00721583 0.00808179 0.701205 0.0116368 1.41052 1.56813 -0.00164248 -0.000936799
0.703561 -0.0201396 1.40548 1.57217 0.00744353 0.00815537 0.701192 0.0143101 1.41052 1.56812 -0.00160056 -0.000954922
0.703514 -0.0172112 1.40537 1.57211 0.00779039 0.00824586 0.701178 0.016952 1.41052 1.5681 -0.00155954 -0.000973119
0.703466 -0.0142398 1.4053 1.5721 0.0081429 0.00827471 0.701164 0.0195618 1.41052 1.56809 -0.00152022 -0.000991433
0.703417 -0.0113475 1.40522 1.57213 0.00847731 0.00830507 0.701149 0.0221393 1.41052 1.56807 -0.00148197 -0.00100987
0.703361 -0.00850711 1.40514 1.57197 0.00872924 0.0083008 0.701134 0.0246848 1.41053 1.56806 -0.00144292 -0.00102834
0.703313 -0.00572448 1.40507 1.57188 0.00894129 0.0083253 0.701118 0.0271981 1.41053 1.56805 -0.00140347 -0.0010469
0.70326 -0.00290585 1.40499 1.57189 0.00913357 0.00836336 0.701102 0.029679 1.41053 1.56803 -0.00136337 -0.00106555
0.703211 -9.27375e-05 1.40495 1.57196 0.00932765 0.00831915 0.701085 0.0321269 1.41053 1.56802 -0.00132336 -0.00108434
0.70315 0.00270074 1.40491 1.57199 0.00958049 0.00825719 0.701068 0.0345413 1.41053 1.568 -0.001283 -0.00110326
0.703087 0.00542357 1.40484 1.57188 0.00988047 0.00822357 0.701051 0.0369224 1.41054 1.56799 -0.00124157 -0.00112232
0.703017 0.00816645 1.40478 1.57193 0.0101662 0.00812501 0.701034 0.0392705 1.41054 1.56797 -0.00119814 -0.00114148
0.702959 0.0107687 1.40473 1.57183 0.0103629 0.00809602 0.701016 0.0415862 1.41054 1.56796 -0.00115225 -0.0011608
0.7029 0.0133751 1.40468 1.57168 0.0105053 0.0080525 0.700998 0.0438692 1.41055 1.56795 -0.00110483 -0.00118028
0.702847 0.0159428 1.40463 1.57164 0.0106137 0.00802764 0.700979 0.0461195 1.41055 1.56793 -0.00105615 -0.00119995
0.702796 0.0184768 1.4046 1.57154 0.0107239 0.00800354 0.700961 0.0483373 1.41056 1.56792 -0.00100629 -0.00121985
0.702735 0.0209643 1.40455 1.57137 0.0108884 0.00797047 0.700942 0.0505226 1.41056 1.56791 -0.000955471 -0.00123997
0.702667 0.023464 1.40448 1.57132 0.0111138 0.00796472 0.700924 0.0526746 1.41057 1.56789 -0.000904419 -0.00126034
0.702599 0.0259468 1.40445 1.57137 0.011344 0.00787477 0.700905 0.054793 1.41057 1.56788 -0.000852954 -0.00128101
0.702531 0.0283733 1.40441 1.57128 0.011635 0.00779463 0.700886 0.0568771 1.41058 1.56787 -0.00080156 -0.00130195
0.702465 0.0307815 1.40436 1.57128 0.0118855 0.0077401 0.700867 0.058927 1.41058 1.56786 -0.000749159 -0.00132313
0.702402 0.0331653 1.4043 1.57122 0.0120799 0.00773476 0.700848 0.0609435 1.41059 1.56784 -0.000694039 -0.00134457
0.702354 0.0355226 1.40428 1.57119 0.0121801 0.00771857 0.700829 0.0629269 1.41059 1.56783 -0.000635509 -0.00136623
0.702311 0.037848 1.40427 1.57113 0.0122572 0.0076818 0.700809 0.0648767 1.4106 1.56782 -0.000574585 -0.00138816
0.702268 0.0401773 1.40428 1.57122 0.0123146 0.00759332 0.700789 0.0667927 1.4106 1.56781 -0.000510569 -0.00141037
0.702231 0.042442 1.40428 1.57122 0.0124171 0.00753731 0.70077 0.0686752 1.4106 1.5678 -0.000444216 -0.00143287
0.702186 0.0446869 1.40425 1.57118 0.0125899 0.0075086 0.70075 0.0705246 1.41061 1.56779 -0.000375837 -0.00145568
0.70213 0.0468867 1.40419 1.57122 0.012804 0.00748971 0.700731 0.0723415 1.41061 1.56778 -0.000305921 -0.00147883
0.702067 0.0490464 1.40414 1.57115 0.0130802 0.0074372 0.700712 0.0741268 1.41062 1.56778 -0.000231454 -0.00150225
0.701996 0.0512085 1.40408 1.57109 0.0133501 0.00739648 0.700692 0.0758807 1.41062 1.56777 -0.000151194 -0.00152596
0.701924 0.0532892 1.40405 1.57104 0.0135428 0.00732245 0.700672 0.0776035 1.41062 1.56777 -6.48352e-05 -0.00154995
0.701865 0.0553519 1.404 1.57109 0.0136996 0.00731765 0.700651 0.0792951 1.41063 1.56776 2.70048e-05 -0.00157427
0.70181 0.0573886 1.40396 1.5711 0.013773 0.00732798 0.70063 0.0809555 1.41063 1.56776 0.000123002 -0.00159894
0.701765 0.0593653 1.40395 1.57108 0.0137727 0.00729708 0.70061 0.0825849 1.41063 1.56776 0.000224983 -0.00162394
0.701716 0.0613183 1.40394 1.57108 0.0138272 0.00726442 0.700589 0.0841833 1.41063 1.56776 0.000333722 -0.00164928
0.70167 0.0632243 1.40395 1.57106 0.0138549 0.00720569 0.700568 0.0857504 1.41063 1.56776 0.000447689 -0.001675
0.701622 0.0651011 1.40394 1.57088 0.0139546 0.00715309 0.700546 0.0872851 1.41064 1.56777 0.000566888 -0.00170109
0.701575 0.0669702 1.40391 1.57081 0.014091 0.00712431 0.700522 0.0887872 1.41064 1.56777 0.000692933 -0.00172754
0.701532 0.0687609 1.4039 1.57069 0.0141932 0.00707485 0.700498 0.090256 1.41063 1.56778 0.000821203 -0.00175445
0.701485 0.0705606 1.40387 1.57066 0.0143693 0.00704283 0.700474 0.0916914 1.41063 1.56779 0.000950058 -0.0017818
0.701425 0.0723129 1.40387 1.57051 0.014484 0.00693323 0.70045 0.0930944 1.41063 1.56779 0.00108271 -0.00180956
0.70136 0.0740188 1.40387 1.57049 0.0145784 0.0067932 0.700427 0.0944651 1.41062 1.5678 0.00122 -0.00183773
0.701303 0.0757196 1.40386 1.57043 0.0146437 0.00676313 0.700403 0.0958036 1.41062 1.56781 0.00136068 -0.00186632
0.701258 0.0773406 1.40382 1.57032 0.0147354 0.00681397 0.700379 0.0971089 1.41062 1.56782 0.00150417 -0.00189536
0.701218 0.0789363 1.40378 1.57022 0.0147854 0.00689698 0.700353 0.0983811 1.41061 1.56783 0.00165212 -0.00192481
0.701175 0.0805181 1.40372 1.57017 0.0148963 0.00698699 0.700328 0.0996198 1.41061 1.56784 0.00180137 -0.00195473
0.701135 0.0820293 1.40368 1.57005 0.0149989 0.00704496 0.700302 0.100823 1.4106 1.56785 0.00194938 -0.00198515
0.701099 0.0835124 1.40364 1.56994 0.0151144 0.00710002 0.700276 0.101989 1.4106 1.56786 0.00209756 -0.00201604
0.701061 0.0849828 1.4036 1.5698 0.0152063 0.00713074 0.700249 0.103119 1.41059 1.56787 0.00224608 -0.00204738
0.701025 0.0863911 1.40356 1.5696 0.0153472 0.00713377 0.700222 0.104213 1.41059 1.56788 0.00239599 -0.00207916
0.700979 0.0878106 1.40356 1.56955 0.0154402 0.0070916 0.700196 0.105271 1.41058 1.5679 0.00254754 -0.00211136
0.700933 0.089157 1.40358 1.56938 0.0155067 0.00697441 0.70017 0.106293 1.41058 1.56791 0.0027013 -0.00214402
0.700881 0.0905164 1.40362 1.56929 0.0156182 0.00680187 0.700143 0.107281 1.41057 1.56792 0.00285759 -0.00217713
0.700837 0.0918302 1.40367 1.56914 0.0156911 0.0066267 0.700116 0.108236 1.41057 1.56793 0.00301384 -0.00221069
0.700813 0.093111 1.40372 1.5691 0.0157527 0.00649057 0.700091 0.109156 1.41057 1.56794 0.00316609 -0.00224474
0.700781 0.0944009 1.40378 1.56909 0.0157702 0.0063456 0.700066 0.110039 1.41057 1.56795 0.00330551 -0.0022794
0.700757 0.0956292 1.40388 1.5691 0.0157042 0.00617973 0.700044 0.110886 1.41056 1.56795 0.00342914 -0.00231466
0.700726 0.0968267 1.40394 1.56899 0.0156438 0.00608881 0.700022 0.111692 1.41056 1.56795 0.00353948 -0.00235046
0.700699 0.0979979 1.404 1.56902 0.015597 0.00604572 0.700002 0.112456 1.41055 1.56794 0.00363545 -0.00238681
0.700672 0.0991096 1.40402 1.56892 0.0156141 0.00602883 0.699983 0.113179 1.41054 1.56793 0.00371967 -0.00242367
0.700633 0.100222 1.40405 1.56892 0.0156277 0.00595889 0.699966 0.113861 1.41054 1.56791 0.00379359 -0.00246099
0.700597 0.101265 1.40412 1.56886 0.0155845 0.00581701 0.699952 0.114506 1.41053 1.5679 0.00385694 -0.00249879
0.700561 0.102281 1.40421 1.56878 0.0155072 0.00562495 0.699938 0.115114 1.41053 1.56788 0.00391308 -0.00253703
0.700518 0.103284 1.40435 1.5688 0.015354 0.00534343 0.699926 0.115688 1.41053 1.56786 0.00396403 -0.00257568
0.700481 0.104256 1.4045 1.5688 0.0152017 0.00501716 0.699915 0.116227 1.41053 1.56783 0.00400927 -0.00261476
0.700447 0.105191 1.40465 1.56873 0.0150557 0.00470193 0.699904 0.116731 1.41053 1.56781 0.0040494 -0.00265426
0.700412 0.106106 1.40477 1.56875 0.0149733 0.00443912 0.699893 0.1172 1.41054 1.56778 0.00408482 -0.0026942
0.700387 0.106954 1.40485 1.56867 0.01496 0.00427279 0.699883 0.117634 1.41055 1.56775 0.00410646 -0.00273461
0.700352 0.107802 1.40492 1.56866 0.0149799 0.00410888 0.699875 0.118032 1.41056 1.56772 0.00410933 -0.00277552
0.700323 0.10861 1.40499 1.56869 0.0149676 0.00397558 0.699869 0.118399 1.41058 1.56768 0.00409785 -0.00281691
0.700294 0.109377 1.40509 1.56867 0.0149014 0.00380759 0.699865 0.118737 1.41059 1.56763 0.0040786 -0.00285872
0.70027 0.110101 1.4052 1.56867 0.0147679 0.00361731 0.69986 0.119046 1.4106 1.56759 0.00405352 -0.00290095
0.700248 0.110803 1.40536 1.56857 0.0145282 0.00337121 0.699855 0.119325 1.41062 1.56754 0.00401968 -0.00294361
0.700233 0.11144 1.40551 1.56854 0.0142596 0.00315327 0.69985 0.119575 1.41063 1.56749 0.00397701 -0.0029867
0.700228 0.112026 1.40566 1.56848 0.013997 0.00296508 0.699845 0.119796 1.41065 1.56744 0.00392546 -0.00303023
0.700215 0.112581 1.40576 1.56846 0.0137666 0.00283408 0.699841 0.119989 1.41066 1.56738 0.00386418 -0.00307419
0.700207 0.113088 1.40584 1.5683 0.0136009 0.0027565 0.699837 0.120153 1.41068 1.56732 0.0037925 -0.0031186
0.700196 0.113549 1.40592 1.56809 0.0133903 0.00266137 0.699834 0.12029 1.41069 1.56726 0.00371006 -0.00316345
0.700181 0.113977 1.406 1.56795 0.0131832 0.00254118 0.699832 0.120401 1.41071 1.56719 0.00361697 -0.00320873
0.700165 0.114382 1.40611 1.56785 0.0129488 0.00238018 0.69983 0.120486 1.41073 1.56712 0.0035136 -0.00325443
0.700154 0.114747 1.40621 1.56774 0.0127116 0.00223424 0.69983 0.120546 1.41076 1.56705 0.00340054 -0.00330058
0.700149 0.115098 1.40631 1.56755 0.0124687 0.00211041 0.69983 0.120583 1.41078 1.56698 0.00327861 -0.00334716
0.700138 0.11544 1.40643 1.5673 0.0122205 0.00195774 0.699831 0.120599 1.41081 1.5669 0.00314882 -0.00339416
0.700128 0.115753 1.40655 1.56716 0.0119472 0.00178376 0.699833 0.120595 1.41084 1.56682 0.00301232 -0.00344159
0.700118 0.11605 1.40668 1.56715 0.0116817 0.00160572 0.699836 0.120574 1.41087 1.56674 0.00287041 -0.00348944
0.700103 0.116312 1.40681 1.56719 0.0114201 0.00140198 0.699839 0.120538 1.4109 1.56666 0.00272432 -0.00353772
0.700093 0.116555 1.40693 1.56716 0.0111524 0.00123302 0.699843 0.120489 1.41094 1.56657 0.00257535 -0.00358642
0.700089 0.116758 1.40705 1.56704 0.0109404 0.00107428 0.699847 0.120429 1.41097 1.56649 0.00242471 -0.00363558
0.700073 0.116968 1.40719 1.56692 0.0106475 0.0008627 0.699851 0.120361 1.41101 1.5664 0.00227357 -0.00368513
0.700072 0.117126 1.40731 1.56673 0.01039 0.000696433 0.699855 0.120286 1.41105 1.56632 0.00212298 -0.00373516
0.700071 0.117276 1.40744 1.56656 0.010131 0.000529795 0.699859 0.120206 1.41108 1.56623 0.0019739 -0.0037856
0.70007 0.117395 1.40757 1.56642 0.00986554 0.000369779 0.699863 0.120123 1.41112 1.56615 0.00182723 -0.0038365
0.700077 0.117499 1.40767 1.56632 0.00960726 0.000258119 0.699867 0.120038 1.41115 1.56607 0.00168367 -0.00388783
0.700079 0.117583 1.40776 1.56622 0.00938146 0.000164456 0.699871 0.119951 1.41119 1.56598 0.00154378 -0.00393961
0.700087 0.117666 1.40785 1.56609 0.00914607 7.41425e-05 0.699874 0.119864 1.41122 1.5659 0.00140799 -0.00399183
0.700091 0.117733 1.40793 1.56594 0.00892813 -1.80944e-05 0.699877 0.119778 1.41125 1.56582 0.00127657 -0.00404449
0.700094 0.117793 1.40802 1.56582 0.00868751 -0.000131879 0.69988 0.119692 1.41128 1.56574 0.00114961 -0.0040976
0.700096 0.117858 1.40811 1.56574 0.00844605 -0.000227883 0.699883 0.119608 1.41131 1.56567 0.00102712 -0.00415114
0.700097 0.117908 1.40818 1.56564 0.00823189 -0.000310856 0.699885 0.119525 1.41134 1.56559 0.000908939 -0.00420514
0.700097 0.117948 1.40827 1.56553 0.00799945 -0.000422372 0.699887 0.119443 1.41137 1.56551 0.000794896 -0.00425958
0.700096 0.117983 1.40836 1.56539 0.00772748 -0.000547793 0.699889 0.119363 1.4114 1.56544 0.000684736 -0.00431446
0.700099 0.117996 1.40843 1.56527 0.00749817 -0.000649973 0.69989 0.119283 1.41143 1.56536 0.000578146 -0.00436979
0.700102 0.118028 1.40851 1.56518 0.0072646 -0.000745046 0.699891 0.119205 1.41146 1.56529 0.00047487 -0.00442555
0.700106 0.118046 1.40857 1.56505 0.00706744 -0.000812776 0.699893 0.119128 1.41148 1.56522 0.000374643 -0.00448175
0.700107 0.118054 1.40864 1.56494 0.00686516 -0.000891591 0.699894 0.119053 1.41151 1.56514 0.00027721 -0.0045384
0.700109 0.118073 1.4087 1.56485 0.00667918 -0.000978868 0.699894 0.118978 1.41153 1.56507 0.000182377 -0.00459549
0.700107 0.118075 1.40877 1.56475 0.00648375 -0.00108068 0.699895 0.118904 1.41156 1.565 8.99742e-05 -0.00465302
0.700104 0.118082 1.40883 1.56468 0.0062961 -0.00116966 0.699896 0.118831 1.41159 1.56493 -1.18337e-07 -0.00471099
0.7001 0.118083 1.40889 1.56463 0.00612456 -0.00126737 0.699897 0.118759 1.41161 1.56486 -8.79708e-05 -0.0047694
0.700099 0.118088 1.40895 1.56456 0.00595311 -0.00136498 0.699897 0.118689 1.41164 1.56479 -0.000173645 -0.00482824
0.700092 0.118086 1.40901 1.56449 0.00579005 -0.00146746 0.699897 0.118619 1.41166 1.56472 -0.000257152 -0.00488751
0.70009 0.118066 1.40907 1.56441 0.00561685 -0.00156708 0.699898 0.118551 1.41169 1.56465 -0.000338497 -0.00494725
0.700086 0.118068 1.40913 1.56437 0.00545398 -0.00166915 0.699898 0.118485 1.41171 1.56458 -0.000417673 -0.00500741
0.70009 0.118039 1.40919 1.56427 0.00529966 -0.00173936 0.699898 0.11842 1.41174 1.56452 -0.00049464 -0.00506799
0.700089 0.118023 1.40925 1.56421 0.00515046 -0.00183485 0.699898 0.118356 1.41176 1.56445 -0.000569432 -0.00512904
0.700088 0.118007 1.40931 1.56416 0.00500133 -0.00193023 0.699898 0.118294 1.41179 1.56438 -0.000641987 -0.0051905
0.700087 0.118 1.40935 1.56411 0.00488116 -0.00201056 0.699897 0.118234 1.41181 1.56432 -0.000712354 -0.00525241
0.700083 0.117989 1.40943 1.56409 0.00468456 -0.0021499 0.699897 0.118175 1.41184 1.56425 -0.000780535 -0.00531475
0.700081 0.117988 1.4095 1.56406 0.00452621 -0.00225968 0.699896 0.118118 1.41186 1.56418 -0.000846588 -0.00537752
0.700081 0.117988 1.40957 1.56404 0.00437739 -0.00235465 0.699895 0.118063 1.41188 1.56412 -0.000910565 -0.00544072
0.700075 0.117988 1.40964 1.56401 0.00419937 -0.00246502 0.699894 0.118009 1.41191 1.56405 -0.000972535 -0.00550436
0.700072 0.117993 1.4097 1.56401 0.00405468 -0.00256819 0.699893 0.117957 1.41193 1.56399 -0.00103261 -0.00556843
0.700072 0.117976 1.40977 1.56398 0.00389383 -0.00266264 0.699892 0.117907 1.41195 1.56393 -0.00109085 -0.00563294
0.700069 0.117967 1.40982 1.56396 0.00375866 -0.00275103 0.699891 0.117858 1.41198 1.56386 -0.00114738 -0.00569788
0.700066 0.117957 1.40989 1.56393 0.0035988 -0.00286264 0.699889 0.11781 1.412 1.5638 -0.00120229 -0.00576324
0.700063 0.117945 1.40996 1.56391 0.00344806 -0.00295989 0.699888 0.117764 1.41202 1.56373 -0.00125569 -0.00582903
0.700058 0.117934 1.41003 1.56386 0.00327872 -0.00308619 0.699886 0.117718 1.41204 1.56367 -0.00130771 -0.00589526
0.700061 0.117906 1.41009 1.5638 0.00312729 -0.00316592 0.699885 0.117674 1.41206 1.56361 -0.00135842 -0.0059619
0.700055 0.117893 1.41015 1.56378 0.00296743 -0.00327752 0.699883 0.117631 1.41209 1.56355 -0.00140791 -0.00602899
0.700053 0.117879 1.41022 1.56377 0.0028215 -0.00338228 0.699881 0.117589 1.41211 1.56348 -0.00145626 -0.00609648
0.700053 0.11784 1.41029 1.5637 0.00265909 -0.00347855 0.699879 0.117548 1.41213 1.56342 -0.00150358 -0.00616441
0.700053 0.117804 1.41035 1.56364 0.0025027 -0.00358078 0.699877 0.117508 1.41215 1.56336 -0.00154989 -0.00623277
0.700053 0.117768 1.4104 1.56357 0.0023792 -0.00366501 0.699875 0.117469 1.41217 1.5633 -0.00159529 -0.00630156
0.700053 0.117726 1.41045 1.5635 0.00223651 -0.00376066 0.699872 0.11743 1.4122 1.56323 -0.00163978 -0.00637076
0.700056 0.117686 1.41051 1.56345 0.00210322 -0.00384168 0.69987 0.117392 1.41222 1.56317 -0.00168344 -0.00644038
0.700056 0.117642 1.41055 1.56337 0.00200289 -0.00390464 0.699868 0.117355 1.41224 1.56311 -0.00172631 -0.00651044
0.700057 0.117594 1.41061 1.56329 0.00184652 -0.00400681 0.699865 0.117319 1.41226 1.56305 -0.00176842 -0.0065809
0.700059 0.117555 1.41066 1.56322 0.00172763 -0.00409749 0.699863 0.117283 1.41228 1.56299 -0.00180978 -0.00665179
0.700058 0.117503 1.4107 1.56315 0.00161482 -0.00419533 0.69986 0.117248 1.4123 1.56293 -0.00185044 -0.00672309
0.700063 0.117457 1.41076 1.56307 0.00147127 -0.00427357 0.699858 0.117214 1.41232 1.56286 -0.00189045 -0.00679482
0.700064 0.117415 1.41082 1.56301 0.00133923 -0.00438278 0.699855 0.11718 1.41235 1.5628 -0.00192981 -0.00686697
0.700069 0.117363 1.41087 1.5629 0.00120572 -0.00446394 0.699852 0.117147 1.41237 1.56274 -0.00196856 -0.00693954
0.700065 0.117328 1.41092 1.56284 0.00107328 -0.00457353 0.699849 0.117115 1.41239 1.56268 -0.00200672 -0.00701252
0.700065 0.117278 1.41097 1.56277 0.000972864 -0.00466514 0.699846 0.117083 1.41241 1.56262 -0.00204433 -0.00708591
0.700072 0.117231 1.41101 1.56268 0.00085855 -0.00472798 0.699843 0.117051 1.41243 1.56255 -0.00208143 -0.00715972
0.700069 0.11719 1.41106 1.56261 0.000754293 -0.00482931 0.69984 0.11702 1.41245 1.56249 -0.00211803 -0.00723395
0.700067 0.117149 1.41109 1.56252 0.00065393 -0.00490341 0.699837 0.11699 1.41248 1.56243 -0.00215417 -0.00730857
0.700065 0.117097 1.41114 1.56244 0.000543895 -0.0050098 0.699834 0.116959 1.4125 1.56237 -0.00218989 -0.00738363
0.700061 0.117058 1.41119 1.56238 0.00043399 -0.00511614 0.699831 0.11693 1.41252 1.56231 -0.00222523 -0.00745908
0.700058 0.117028 1.41125 1.56233 0.000334459 -0.00522498 0.699828 0.116901 1.41254 1.56225 -0.00226018 -0.00753494
0.700055 0.116992 1.4113 1.56225 0.000215281 -0.00534564 0.699824 0.116872 1.41256 1.56218 -0.00229482 -0.00761122
0.700047 0.116977 1.41137 1.56225 7.83726e-05 -0.00546587 0.699821 0.116843 1.41258 1.56212 -0.00232914 -0.0076879
0.700041 0.116946 1.41144 1.5622 -5.4987e-05 -0.00561224 0.699818 0.116815 1.41261 1.56206 -0.00236319 -0.00776499
0.700033 0.116921 1.41151 1.56214 -0.000183398 -0.00574726 0.699814 0.116787 1.41263 1.562 -0.00239699 -0.00784248
0.700025 0.116892 1.41158 1.56209 -0.000341665 -0.00588135 0.699811 0.116759 1.41265 1.56194 -0.00243055 -0.00792039
0.700017 0.116867 1.41164 1.56207 -0.000469954 -0.00601646 0.699807 0.116731 1.41267 1.56187 -0.00246392 -0.00799868
0.700004 0.116847 1.4117 1.56202 -0.000597341 -0.00616859 0.699804 0.116704 1.41269 1.56181 -0.00249709 -0.00807739
0.699997 0.116832 1.41177 1.56201 -0.000715013 -0.00630614 0.6998 0.116677 1.41272 1.56175 -0.0025301 -0.0081565
0.699988 0.116818 1.41185 1.56199 -0.000851558 -0.00647281 0.699796 0.11665 1.41274 1.56169 -0.00256296 -0.00823598
0.699977 0.116805 1.41193 1.56195 -0.000963997 -0.00663409 0.699793 0.116624 1.41276 1.56162 -0.00259569 -0.0083159
0.699969 0.116791 1.41201 1.56193 -0.00110054 -0.00680076 0.699789 0.116597 1.41278 1.56156 -0.00262828 -0.00839621
0.699954 0.116791 1.41207 1.56192 -0.00120711 -0.00696829 0.699785 0.116571 1.41281 1.5615 -0.0026608 -0.00847691
0.699946 0.116777 1.41215 1.56188 -0.0013437 -0.00713478 0.699781 0.116545 1.41283 1.56143 -0.00269319 -0.008558
0.699936 0.116766 1.41223 1.56186 -0.00146543 -0.00731077 0.699778 0.116519 1.41285 1.56137 -0.00272552 -0.00863949
0.699924 0.116759 1.41231 1.56184 -0.00157724 -0.00748964 0.699774 0.116493 1.41287 1.56131 -0.00275778 -0.00872137
0.699921 0.116752 1.41237 1.56181 -0.00166522 -0.00762818 0.69977 0.116467 1.4129 1.56124 -0.00278998 -0.00880364
0.699915 0.116734 1.41245 1.56178 -0.00178921 -0.00775986 0.699766 0.116441 1.41292 1.56118 -0.00282214 -0.00888631
0.699907 0.116716 1.41249 1.56174 -0.00186492 -0.00786372 0.699762 0.116415 1.41294 1.56112 -0.00285426 -0.00896937
0.699897 0.116705 1.41254 1.5617 -0.00194578 -0.0079901 0.699758 0.11639 1.41297 1.56105 -0.00288635 -0.0090528
0.699883 0.116682 1.41259 1.56165 -0.00202246 -0.00811333 0.699754 0.116365 1.41299 1.56099 -0.00291844 -0.00913665
0.699877 0.116656 1.41263 1.5616 -0.00208498 -0.00821108 0.69975 0.116339 1.41301 1.56093 -0.0029505 -0.00922086
0.699862 0.116654 1.41267 1.56159 -0.00216002 -0.00833249 0.699745 0.116314 1.41304 1.56086 -0.00298257 -0.00930546
0.699857 0.116627 1.4127 1.56152 -0.00220389 -0.00840102 0.699741 0.116289 1.41306 1.5608 -0.00301465 -0.00939045
0.699848 0.116606 1.41274 1.56148 -0.00225604 -0.00850141 0.699737 0.116263 1.41308 1.56073 -0.00304678 -0.00947582
0.699837 0.116599 1.41276 1.56146 -0.00227502 -0.00858232 0.699733 0.116238 1.41311 1.56067 -0.00307891 -0.00956156
0.699827 0.11657 1.4128 1.56139 -0.00233758 -0.00867993 0.699728 0.116213 1.41313 1.5606 -0.00311109 -0.0096477
0.69982 0.116566 1.41281 1.56136 -0.00233221 -0.00873807 0.699724 0.116188 1.41315 1.56054 -0.00314331 -0.00973421
0.699814 0.116537 1.41284 1.56131 -0.0023749 -0.00883502 0.69972 0.116163 1.41318 1.56047 -0.00317559 -0.0098211
0.699806 0.116524 1.41286 1.56125 -0.00240447 -0.00891335 0.699715 0.116138 1.4132 1.56041 -0.00320794 -0.00990836
0.699801 0.116507 1.41287 1.56118 -0.00238869 -0.00898391 0.699711 0.116113 1.41323 1.56034 -0.00324034 -0.009996
0.699789 0.116492 1.41289 1.56114 -0.00240377 -0.00907319 0.699707 0.116088 1.41325 1.56028 -0.00327281 -0.010084
0.699788 0.116459 1.4129 1.56104 -0.00241437 -0.0091333 0.699702 0.116063 1.41327 1.56021 -0.00330536 -0.0101724
0.699784 0.116433 1.41291 1.56096 -0.00240902 -0.00920248 0.699698 0.116038 1.4133 1.56015 -0.003338 -0.0102611
0.699777 0.11641 1.41292 1.56091 -0.00239907 -0.00926831 0.699693 0.116013 1.41332 1.56008 -0.00337072 -0.0103503
0.699772 0.116374 1.41294 1.56082 -0.0024226 -0.00935252 0.699689 0.115988 1.41335 1.56002 -0.00340355 -0.0104398
0.699765 0.116348 1.41296 1.56076 -0.00241767 -0.00943964 0.699684 0.115963 1.41337 1.55995 -0.00343646 -0.0105296
0.699758 0.116322 1.41297 1.56069 -0.00243207 -0.00951068 0.699679 0.115938 1.4134 1.55989 -0.00346946 -0.0106198
0.699756 0.116281 1.41297 1.56061 -0.00244123 -0.00957045 0.699675 0.115913 1.41342 1.55982 -0.00350259 -0.0107104
0.699753 0.116244 1.41299 1.56051 -0.0024463 -0.00962672 0.69967 0.115887 1.41345 1.55975 -0.00353583 -0.0108014
0.699752 0.116199 1.413 1.56043 -0.00248537 -0.0096855 0.699665 0.115862 1.41347 1.55969 -0.00356917 -0.0108927
0.699746 0.116165 1.41303 1.56038 -0.00252751 -0.00975325 0.699661 0.115837 1.4135 1.55962 -0.00360263 -0.0109843
0.699742 0.116139 1.41303 1.56031 -0.00254133 -0.00980634 0.699656 0.115812 1.41352 1.55955 -0.0036362 -0.0110763
0.699741 0.116094 1.41304 1.56021 -0.00258058 -0.00986506 0.699651 0.115787 1.41355 1.55949 -0.00366989 -0.0111687
0.699737 0.116067 1.41307 1.56015 -0.00263345 -0.00993148 0.699646 0.115761 1.41358 1.55942 -0.00370371 -0.0112615
0.699734 0.11602 1.41308 1.56005 -0.00268217 -0.0100048 0.699641 0.115736 1.4136 1.55935 -0.00373765 -0.0113545
0.699728 0.115991 1.41309 1.56001 -0.00271105 -0.0100664 0.699637 0.115711 1.41363 1.55929 -0.00377172 -0.011448
0.699726 0.115946 1.41312 1.55993 -0.00278318 -0.0101444 0.699632 0.115685 1.41365 1.55922 -0.00380591 -0.0115418
0.699719 0.115924 1.41314 1.55988 -0.00282598 -0.0102126 0.699627 0.11566 1.41368 1.55915 -0.00384025 -0.0116359
0.699718 0.115881 1.41316 1.55977 -0.00287451 -0.0102855 0.699622 0.115635 1.41371 1.55908 -0.00387471 -0.0117304
0.699713 0.115851 1.41318 1.55971 -0.00289868 -0.0103534 0.699617 0.115609 1.41373 1.55902 -0.00390931 -0.0118252
0.699709 0.115809 1.4132 1.55961 -0.00294197 -0.0104506 0.699612 0.115584 1.41376 1.55895 -0.00394406 -0.0119204
0.699705 0.115769 1.41322 1.55955 -0.0029709 -0.0105122 0.699607 0.115558 1.41379 1.55888 -0.00397893 -0.0120159
0.699701 0.115737 1.41324 1.55947 -0.00302881 -0.0105998 0.699602 0.115532 1.41381 1.55881 -0.00401397 -0.0121118
0.699699 0.115692 1.41327 1.55936 -0.0030927 -0.0106812 0.699597 0.115507 1.41384 1.55874 -0.00404912 -0.012208
0.699692 0.115669 1.41329 1.55932 -0.00313522 -0.0107493 0.699592 0.115481 1.41387 1.55867 -0.00408443 -0.0123045
0.699692 0.115627 1.41331 1.55921 -0.00318388 -0.0108223 0.699586 0.115455 1.41389 1.55861 -0.00411989 -0.0124014
0.699682 0.115599 1.41334 1.55915 -0.00324085 -0.0109272 0.699581 0.115429 1.41392 1.55854 -0.00415549 -0.0124986
0.69968 0.115573 1.41336 1.55909 -0.00326502 -0.0109951 0.699576 0.115404 1.41395 1.55847 -0.00419122 -0.0125961
0.699671 0.115543 1.41339 1.55902 -0.00331746 -0.0111065 0.699571 0.115378 1.41397 1.5584 -0.00422713 -0.012694
0.699669 0.115512 1.41341 1.55892 -0.00336613 -0.0111794 0.699566 0.115352 1.414 1.55833 -0.00426317 -0.0127922
0.699658 0.115486 1.41344 1.55888 -0.0034141 -0.0112877 0.69956 0.115326 1.41403 1.55826 -0.00429935 -0.0128907
0.69965 0.115468 1.41347 1.55881 -0.0034576 -0.0113848 0.699555 0.1153 1.41406 1.55819 -0.00433571 -0.0129895
0.699643 0.115455 1.41351 1.55876 -0.00350387 -0.0114908 0.69955 0.115274 1.41408 1.55812 -0.0043722 -0.0130887
0.699641 0.115424 1.41353 1.55868 -0.00355231 -0.0115637 0.699544 0.115247 1.41411 1.55806 -0.00440884 -0.0131882
0.699629 0.115415 1.41357 1.55866 -0.00360369 -0.0116925 0.699539 0.115221 1.41414 1.55799 -0.00444563 -0.013288
0.699623 0.115389 1.4136 1.55859 -0.00365586 -0.0118036 0.699534 0.115195 1.41417 1.55792 -0.00448259 -0.0133882
0.699611 0.115374 1.41363 1.55855 -0.00371289 -0.0119085 0.699528 0.115169 1.4142 1.55785 -0.00451969 -0.0134886
0.699602 0.115363 1.41366 1.55851 -0.00376958 -0.0120119 0.699523 0.115142 1.41422 1.55778 -0.00455695 -0.0135894
0.699595 0.115334 1.4137 1.55844 -0.00384599 -0.0121283 0.699517 0.115116 1.41425 1.55771 -0.00459436 -0.0136905
0.699584 0.115319 1.41371 1.55839 -0.00387857 -0.0122103 0.699512 0.11509 1.41428 1.55764 -0.00463192 -0.0137918
0.699581 0.115288 1.41373 1.55832 -0.00392713 -0.0122832 0.699506 0.115063 1.41431 1.55757 -0.00466964 -0.0138935
0.699574 0.115263 1.41376 1.55824 -0.00397491 -0.0123734 0.699501 0.115037 1.41434 1.5575 -0.0047075 -0.0139956
0.699568 0.115232 1.41378 1.55817 -0.00403259 -0.0124606 0.699495 0.11501 1.41437 1.55743 -0.00474552 -0.0140979
0.699563 0.115194 1.4138 1.55809 -0.00405573 -0.012528 0.69949 0.114983 1.4144 1.55736 -0.00478369 -0.0142005
0.699558 0.115171 1.41382 1.55802 -0.00410324 -0.0126169 0.699484 0.114957 1.41443 1.55729 -0.00482202 -0.0143034
0.699553 0.11514 1.41385 1.55795 -0.00416107 -0.0127043 0.699478 0.11493 1.41445 1.55722 -0.00486049 -0.0144066
0.699548 0.115108 1.41387 1.55789 -0.00417851 -0.0127956 0.699473 0.114903 1.41448 1.55715 -0.00489912 -0.0145101
0.699538 0.115088 1.4139 1.55783 -0.00424577 -0.0128975 0.699467 0.114876 1.41451 1.55708 -0.00493792 -0.014614
0.699532 0.115065 1.41392 1.55778 -0.00427809 -0.0129792 0.699461 0.11485 1.41454 1.557 -0.00497685 -0.0147181
0.699524 0.11503 1.41394 1.55768 -0.00433641 -0.0130668 0.699456 0.114823 1.41457 1.55693 -0.00501593 -0.0148225
0.699518 0.114999 1.41396 1.55761 -0.00439417 -0.013154 0.69945 0.114796 1.4146 1.55686 -0.00505518 -0.0149272
0.699512 0.114977 1.41399 1.55757 -0.00442599 -0.0132355 0.699444 0.114769 1.41463 1.55679 -0.00509458 -0.0150321
0.699504 0.114958 1.41401 1.5575 -0.00448399 -0.0133227 0.699438 0.114742 1.41466 1.55672 -0.00513412 -0.0151374
0.699503 0.114937 1.41404 1.55743 -0.00451157 -0.0134107 0.699433 0.114715 1.41469 1.55665 -0.00517381 -0.015243
0.699493 0.114913 1.41408 1.5574 -0.00457733 -0.0135297 0.699427 0.114688 1.41472 1.55658 -0.00521366 -0.0153488
0.699485 0.114886 1.41412 1.55733 -0.00463919 -0.0136554 0.699421 0.114661 1.41475 1.55651 -0.00525366 -0.0154549
0.699481 0.114858 1.41416 1.55726 -0.00470616 -0.013757 0.699415 0.114633 1.41478 1.55644 -0.00529381 -0.0155613
0.699474 0.114847 1.4142 1.55721 -0.00476776 -0.0138826 0.699409 0.114606 1.41481 1.55637 -0.00533411 -0.015668
0.699471 0.114827 1.41424 1.55715 -0.00481405 -0.0139996 0.699403 0.114579 1.41484 1.55629 -0.00537455 -0.0157749
0.699467 0.114804 1.41428 1.55707 -0.00487589 -0.014125 0.699397 0.114552 1.41487 1.55622 -0.00541513 -0.0158821
0.699461 0.114789 1.41432 1.55703 -0.00491172 -0.0142449 0.699391 0.114524 1.4149 1.55615 -0.00545589 -0.0159896
0.699459 0.114767 1.41437 1.55697 -0.0049971 -0.0143752 0.699385 0.114497 1.41493 1.55608 -0.00549678 -0.0160974
0.699459 0.11475 1.41443 1.55691 -0.00506789 -0.0145151 0.699379 0.11447 1.41496 1.55601 -0.00553781 -0.0162054
