x_r y_r z_r a_r b_r c_r x_c y_c z_c a_c b_c c_c
0.700457 -0.49964 1.41029 1.57103 -7.33178e-05 1.04092e-05 0.700206 -0.500085 1.41036 1.57098 -8.9803e-06 0.000113873
0.700449 -0.499668 1.41029 1.57101 -6.23316e-05 1.59697e-05 0.700206 -0.500085 1.41036 1.57098 -8.9803e-06 0.000113873
0.700437 -0.499693 1.4103 1.57102 -6.19375e-05 1.63506e-05 0.700206 -0.500085 1.41036 1.57098 -8.9803e-06 0.000113873
0.70043 -0.499712 1.41031 1.57101 -5.01966e-05 -4.78418e-07 0.700206 -0.500085 1.41036 1.57098 -8.9803e-06 0.000113873
0.700419 -0.499737 1.41031 1.57101 -4.98261e-05 -1.11617e-07 0.700206 -0.500085 1.41036 1.57098 -8.9803e-06 0.000113873
0.700413 -0.499752 1.41033 1.57102 -4.81488e-05 -4.84784e-05 0.700206 -0.500085 1.41036 1.57098 -8.9803e-06 0.000113873
0.700405 -0.499775 1.41034 1.57102 -4.16181e-05 -6.26435e-05 0.700206 -0.500085 1.41036 1.57098 -8.9803e-06 0.000113873
0.700395 -0.499795 1.41036 1.57102 -6.05813e-05 -9.64512e-05 0.700206 -0.500085 1.41036 1.57098 -8.9803e-06 0.000113873
0.70038 -0.499824 1.41036 1.57099 -5.66015e-05 -0.000106869 0.700206 -0.500085 1.41036 1.57098 -8.9803e-06 0.000113873
0.700369 -0.499841 1.41036 1.57099 -4.71782e-05 -0.000114089 0.700206 -0.500085 1.41036 1.57098 -8.9803e-06 0.000113873
0.700361 -0.499855 1.41036 1.57098 -5.4906e-05 -0.00011764 0.700206 -0.500085 1.41036 1.57098 -8.9803e-06 0.000113873
0.700356 -0.499869 1.41037 1.57099 -6.26071e-05 -0.000121194 0.700206 -0.500085 1.41036 1.57098 -8.9803e-06 0.000113873
0.700352 -0.499876 1.41037 1.571 -6.86476e-05 -0.000116263 0.700206 -0.500085 1.41036 1.57098 -8.9803e-06 0.000113873
0.700334 -0.499902 1.41037 1.57098 -7.63769e-05 -0.00011983 0.700206 -0.500085 1.41036 1.57098 -8.9803e-06 0.000113873
0.700326 -0.499918 1.41036 1.57096 -9.01918e-05 -0.000108723 0.700206 -0.500085 1.41036 1.57098 -8.9803e-06 0.000113873
0.700317 -0.499932 1.41036 1.57096 -9.79204e-05 -0.000112291 0.700206 -0.500085 1.41036 1.57098 -8.9803e-06 0.000113873
0.700309 -0.499949 1.41035 1.57097 -0.000116222 -8.79404e-05 0.700206 -0.500085 1.41036 1.57098 -8.9803e-06 0.000113873
0.700297 -0.499972 1.41035 1.57094 -0.000131751 -8.53473e-05 0.700206 -0.500085 1.41036 1.57098 -8.9803e-06 0.000113873
0.700284 -0.499994 1.41035 1.5709 -0.000143948 -6.58413e-05 0.700886 -0.499067 1.41025 1.57069 -0.000167754 -5.60322e-05
0.700279 -0.500001 1.41034 1.57091 -0.000150054 -6.09977e-05 0.700886 -0.499067 1.41025 1.57069 -0.000167754 -5.60322e-05
0.700285 -0.499993 1.41034 1.57076 -0.000164629 -6.96933e-05 0.700886 -0.499067 1.41025 1.57069 -0.000167754 -5.60322e-05
0.700309 -0.499951 1.41034 1.57054 -0.000158465 -0.00011473 0.701044 -0.498825 1.41019 1.57123 2.62795e-05 0.000153949
0.700322 -0.499933 1.41033 1.57064 -0.000147606 -0.000103772 0.701044 -0.498825 1.41019 1.57123 2.62795e-05 0.000153949
0.700328 -0.49992 1.41033 1.57068 -0.000140219 -0.000119666 0.701044 -0.498825 1.41019 1.57123 2.62795e-05 0.000153949
0.70034 -0.499906 1.41032 1.57068 -0.000133133 -0.000103702 0.701044 -0.498825 1.41019 1.57123 2.62795e-05 0.000153949
0.700349 -0.499897 1.41032 1.57065 -0.000139313 -8.9132e-05 0.701044 -0.498825 1.41019 1.57123 2.62795e-05 0.000153949
0.700364 -0.499871 1.41032 1.57065 -0.000131982 -0.000104911 0.70182 -0.497468 1.40988 1.57107 -0.000197004 0.000318236
0.700373 -0.499859 1.41032 1.57064 -0.000131986 -0.000104906 0.701685 -0.497556 1.41006 1.57091 -5.75071e-05 -0.000241514
0.700401 -0.499803 1.4103 1.5704 -0.000114508 -0.000129414 0.701685 -0.497556 1.41006 1.57091 -5.75071e-05 -0.000241514
0.700469 -0.49968 1.4103 1.5699 -7.69766e-05 -0.000219762 0.700202 -0.495783 1.41021 1.57102 -3.92953e-05 6.22361e-05
0.70053 -0.499571 1.4103 1.57011 -3.45806e-05 -0.000323142 0.700202 -0.495783 1.41021 1.57102 -3.92953e-05 6.22361e-05
0.700587 -0.499367 1.41028 1.5701 5.13546e-05 -0.000175801 0.700202 -0.495783 1.41021 1.57102 -3.92953e-05 6.22361e-05
0.700555 -0.498979 1.41007 1.56949 0.000349537 0.000384406 0.700982 -0.494684 1.41012 1.57092 -5.22015e-05 0.000214595
0.700557 -0.498587 1.40995 1.56981 0.000522817 0.000613384 0.700982 -0.494684 1.41012 1.57092 -5.22015e-05 0.000214595
0.700588 -0.498264 1.41002 1.57025 0.000550942 0.000456134 0.700619 -0.493528 1.4101 1.57088 -4.45922e-05 9.67116e-05
0.700673 -0.497965 1.41018 1.57021 0.000459719 0.000101931 0.700619 -0.493528 1.4101 1.57088 -4.45922e-05 9.67116e-05
0.700741 -0.497684 1.41035 1.57022 0.000334746 -0.000257926 0.701207 -0.492531 1.41006 1.57071 -3.37439e-05 8.30478e-05
0.700756 -0.497328 1.41036 1.56985 0.000223313 -0.000328636 0.70137 -0.492248 1.41012 1.57134 3.28596e-05 -9.52566e-05
0.700788 -0.496955 1.41035 1.5697 2.89423e-05 -0.000395857 0.70137 -0.492248 1.41012 1.57134 3.28596e-05 -9.52566e-05
0.700915 -0.496494 1.41038 1.56968 -0.000148876 -0.000520314 0.700207 -0.490123 1.41016 1.57099 -2.39396e-05 5.54379e-05
0.701047 -0.496079 1.41046 1.57029 -0.000355761 -0.000705599 0.700207 -0.490123 1.41016 1.57099 -2.39396e-05 5.54379e-05
0.70109 -0.49569 1.41047 1.57037 -0.000506988 -0.000691163 0.700558 -0.489363 1.41011 1.57126 -5.869e-05 0.00019114
0.701047 -0.495121 1.41031 1.56944 -0.000484473 -0.000199362 0.701287 -0.488199 1.41011 1.57103 0.000229917 1.57884e-05
0.701033 -0.494513 1.41027 1.56957 -0.000480961 -0.000115226 0.701287 -0.488199 1.41011 1.57103 0.000229917 1.57884e-05
0.701105 -0.493846 1.41041 1.57021 -0.000482601 -0.000519863 0.700189 -0.486459 1.41012 1.57112 -3.66297e-05 -1.91093e-05
0.701211 -0.493231 1.41064 1.57042 -0.00051319 -0.00107333 0.700189 -0.486459 1.41012 1.57112 -3.66297e-05 -1.91093e-05
0.701274 -0.492669 1.4108 1.57068 -0.000594568 -0.00138396 0.701395 -0.484747 1.41003 1.57081 -0.000138354 0.000132234
0.701238 -0.491984 1.41077 1.5703 -0.000561682 -0.00127327 0.701548 -0.484452 1.41011 1.5714 7.39531e-06 -0.00013264
0.701251 -0.491284 1.4108 1.57026 -0.000634718 -0.00137244 0.701548 -0.484452 1.41011 1.5714 7.39531e-06 -0.00013264
0.701407 -0.490502 1.41092 1.57022 -0.000877533 -0.0016665 0.700538 -0.481528 1.40996 1.57098 4.05989e-05 6.57455e-06
0.701555 -0.489825 1.41113 1.57112 -0.00117792 -0.00219998 0.700538 -0.481528 1.40996 1.57098 4.05989e-05 6.57455e-06
0.701649 -0.489128 1.41128 1.57143 -0.00139876 -0.00255685 0.701097 -0.479996 1.40998 1.57106 -8.17675e-06 5.26324e-05
0.701664 -0.488223 1.41119 1.57046 -0.00145908 -0.00234154 0.70035 -0.478073 1.41026 1.5709 0.000110679 2.21244e-05
0.701712 -0.4873 1.4112 1.57053 -0.00155054 -0.00235456 0.700914 -0.477235 1.41015 1.57083 -0.000459331 0.000108101
0.701798 -0.486277 1.41129 1.57072 -0.00156457 -0.00248197 0.701092 -0.476308 1.41 1.5709 -7.89641e-05 3.69749e-05
0.701859 -0.485159 1.41138 1.57084 -0.00156209 -0.002521 0.700315 -0.474569 1.41017 1.57101 -0.000127991 8.53278e-05
0.701922 -0.484114 1.41162 1.57163 -0.00177985 -0.00314564 0.701102 -0.473312 1.41021 1.5706 0.000148784 -0.000141985
0.701961 -0.483103 1.41192 1.57203 -0.00198756 -0.00394333 0.701409 -0.472849 1.41013 1.57156 0.000112361 9.85676e-05
0.702001 -0.482005 1.41208 1.57169 -0.00223606 -0.00421091 0.700667 -0.470612 1.40997 1.57099 6.19183e-05 6.15164e-05
0.702114 -0.480935 1.41233 1.57196 -0.00252841 -0.00465154 0.700876 -0.46984 1.41004 1.5711 5.92269e-05 8.67575e-05
0.702214 -0.479893 1.41259 1.57253 -0.00283044 -0.00518164 0.700522 -0.467729 1.41021 1.57083 6.48567e-05 -1.85407e-05
0.702255 -0.478727 1.41266 1.57212 -0.00305111 -0.00541065 0.701164 -0.466685 1.41007 1.57078 -0.000432666 0.000147177
0.702275 -0.477569 1.4128 1.57214 -0.00337203 -0.00569547 0.700384 -0.465129 1.41011 1.57111 0.000206491 -6.48596e-05
0.702314 -0.47629 1.41291 1.57217 -0.00364467 -0.00590819 0.700895 -0.464018 1.41004 1.57116 7.23607e-05 6.24141e-05
0.70238 -0.475009 1.41317 1.57264 -0.00390534 -0.00648732 0.700293 -0.46193 1.4101 1.57103 -0.000233712 -3.68239e-06
0.702363 -0.473747 1.41341 1.57313 -0.00406243 -0.00712109 0.700866 -0.460608 1.41008 1.57102 1.5719e-05 6.96766e-05
0.702418 -0.472465 1.41373 1.57351 -0.00433441 -0.00779827 0.701211 -0.459358 1.40992 1.57111 6.59183e-05 8.38533e-05
0.702427 -0.471122 1.41392 1.57323 -0.00458799 -0.00823014 0.700544 -0.456748 1.41018 1.5708 7.5043e-05 -4.45499e-05
0.702472 -0.469775 1.41422 1.57334 -0.00479218 -0.00900942 0.700932 -0.455689 1.41008 1.57105 5.73633e-05 -2.74123e-05
0.702553 -0.468424 1.4145 1.5735 -0.00507475 -0.00965678 0.700583 -0.45327 1.41017 1.57082 4.19757e-05 -3.96937e-05
0.702612 -0.466976 1.41466 1.57338 -0.0053268 -0.00978977 0.70138 -0.451928 1.41002 1.57071 -0.000442238 0.00013979
0.702688 -0.465511 1.41485 1.57367 -0.00563645 -0.0100167 0.700421 -0.450056 1.41005 1.57111 0.000259926 -9.87197e-05
0.70273 -0.463945 1.41499 1.57356 -0.00585568 -0.0103552 0.701032 -0.448696 1.40999 1.57118 9.37705e-05 1.89604e-05
0.702783 -0.462414 1.41519 1.57378 -0.00615665 -0.0109697 0.700157 -0.446174 1.41005 1.57107 -1.0182e-05 -0.000101175
0.702814 -0.46081 1.41536 1.57434 -0.00640475 -0.011492 0.700889 -0.444694 1.41006 1.57108 3.34426e-05 -1.69619e-05
0.702866 -0.459239 1.41559 1.57462 -0.00669829 -0.0119912 0.700404 -0.442008 1.41007 1.5709 -5.68955e-05 -1.24533e-05
0.702923 -0.457519 1.41572 1.5745 -0.00683197 -0.0121388 0.70092 -0.440571 1.41005 1.57102 -4.93906e-05 4.93559e-05
0.702994 -0.45583 1.41601 1.57456 -0.0071155 -0.0126797 0.700507 -0.438 1.41015 1.57085 0.000197659 -1.5812e-05
0.703022 -0.454078 1.41618 1.5745 -0.0073433 -0.0129595 0.70105 -0.436627 1.41005 1.57106 7.0428e-05 -5.66559e-05
0.703098 -0.452297 1.41638 1.57494 -0.00755753 -0.0133814 0.700643 -0.433744 1.41012 1.5708 4.5071e-05 -6.62331e-05
0.703145 -0.450533 1.41649 1.57512 -0.00779054 -0.0135609 0.701055 -0.432436 1.41001 1.57112 5.77753e-05 -6.12289e-05
0.703161 -0.448844 1.41662 1.57533 -0.00819678 -0.0138714 0.700327 -0.429742 1.40998 1.57108 -0.000279436 -3.2029e-05
0.7032 -0.447011 1.41674 1.5751 -0.00853552 -0.0140615 0.70154 -0.427732 1.40995 1.57078 0.000439028 0.000194061
0.703234 -0.445219 1.41687 1.57526 -0.0088331 -0.0143596 0.700262 -0.425362 1.40997 1.57116 -7.25821e-06 -0.000219668
0.703286 -0.443267 1.41696 1.57526 -0.00905812 -0.014591 0.701112 -0.423529 1.40989 1.57105 3.86526e-05 0.000196467
0.703359 -0.441359 1.41718 1.5752 -0.00920541 -0.0150728 0.700392 -0.420325 1.41015 1.57086 -0.000185958 1.08998e-05
0.703361 -0.439437 1.4173 1.5753 -0.00947096 -0.0152627 0.70096 -0.418597 1.41003 1.57104 3.37971e-05 1.65391e-05
0.703445 -0.437416 1.4175 1.57543 -0.00974583 -0.0155021 0.700593 -0.415566 1.41012 1.5708 8.6106e-05 -1.68062e-05
0.703463 -0.43535 1.41761 1.57526 -0.00986637 -0.0155422 0.70111 -0.414015 1.41001 1.57112 4.83003e-05 -9.99498e-05
0.703458 -0.433253 1.41779 1.5755 -0.0100531 -0.0161317 0.700341 -0.411023 1.40992 1.57109 -0.000290804 -3.47627e-05
0.703438 -0.43116 1.41789 1.57546 -0.0101968 -0.0165009 0.701127 -0.409082 1.41 1.57109 -9.32081e-05 -0.000191601
0.703456 -0.429108 1.41812 1.57575 -0.0104768 -0.0170821 0.700466 -0.405704 1.41 1.57095 -3.28371e-05 -3.39787e-05
0.703463 -0.427006 1.4182 1.57569 -0.0108427 -0.0171373 0.701106 -0.404047 1.40995 1.5712 -7.33698e-05 5.09756e-05
0.703514 -0.424906 1.41831 1.57557 -0.0112158 -0.0171491 0.700242 -0.400525 1.41012 1.57096 0.000133186 5.66674e-05
0.703546 -0.42265 1.41836 1.57531 -0.0114833 -0.0170485 0.701027 -0.39848 1.41003 1.57102 -4.63415e-05 3.9527e-05
0.703597 -0.420383 1.41849 1.57564 -0.01171 -0.0172881 0.700605 -0.395194 1.41007 1.57079 0.000104197 -2.18123e-05
0.703599 -0.418001 1.41848 1.57553 -0.0117377 -0.0172606 0.70118 -0.393436 1.40999 1.57113 4.14032e-05 -0.000133479
0.703618 -0.415658 1.41862 1.57571 -0.0118847 -0.0176852 0.700352 -0.390157 1.40986 1.5711 -0.000297312 -3.26789e-05
0.70363 -0.413294 1.41872 1.57568 -0.0120336 -0.0179015 0.701284 -0.387691 1.40996 1.57094 0.000114083 -4.50384e-05
0.703668 -0.411001 1.41886 1.57607 -0.0123384 -0.018118 0.700296 -0.384231 1.4101 1.57091 -9.65335e-05 8.6345e-05
0.703734 -0.408577 1.41891 1.57596 -0.0125643 -0.0180435 0.701077 -0.382274 1.41003 1.57113 -3.70992e-05 -6.59349e-06
0.703809 -0.406154 1.41899 1.57585 -0.0127752 -0.0180113 0.700658 -0.378604 1.41005 1.57078 0.000145645 -0.000101712
0.703849 -0.40359 1.41905 1.57562 -0.012886 -0.0179956 0.701281 -0.376669 1.40996 1.57113 6.55267e-05 -0.000121487
0.703827 -0.401137 1.41917 1.57583 -0.0130231 -0.0183268 0.700161 -0.372908 1.41008 1.57101 -0.000130712 6.5555e-05
0.703813 -0.398627 1.41922 1.57578 -0.0131406 -0.018405 0.701231 -0.370568 1.41006 1.57097 0.000131471 -1.74957e-05
0.70382 -0.396175 1.41936 1.57607 -0.0133408 -0.0186611 0.700436 -0.366875 1.41003 1.57085 -9.60215e-05 7.56158e-05
0.703834 -0.393556 1.41941 1.57573 -0.0133433 -0.0185426 0.70109 -0.364639 1.40999 1.57106 -5.32478e-05 -1.03225e-05
0.703836 -0.390997 1.41945 1.57552 -0.0135019 -0.0186192 0.700651 -0.360917 1.41004 1.57077 0.000124335 -5.59254e-05
0.703795 -0.388338 1.41947 1.57519 -0.0135769 -0.0186025 0.700383 -0.357886 1.41011 1.5709 -8.19839e-05 0.000171896
0.703763 -0.38576 1.41951 1.57522 -0.0137305 -0.0186949 0.701161 -0.355685 1.41003 1.57111 -4.93394e-05 -4.54613e-05
0.70378 -0.382975 1.41948 1.57524 -0.013728 -0.0184556 0.700666 -0.35172 1.41002 1.57077 0.000140428 -0.000115408
0.703783 -0.380208 1.41949 1.57543 -0.0137986 -0.0183253 0.700383 -0.348601 1.41011 1.57089 -9.42298e-05 0.000158543
0.703789 -0.377535 1.41957 1.57578 -0.0139443 -0.0185224 0.701193 -0.346301 1.41004 1.5711 -8.68267e-05 -3.8129e-05
0.703826 -0.374678 1.41961 1.57526 -0.0140136 -0.0184464 0.700417 -0.342322 1.40985 1.57091 -5.90043e-05 -3.80863e-05
0.703839 -0.371861 1.41954 1.57503 -0.0141027 -0.0180779 0.701262 -0.33971 1.40996 1.571 -0.000120198 5.56794e-05
0.70382 -0.369082 1.4195 1.57536 -0.0141749 -0.0181651 0.700231 -0.335911 1.41015 1.57094 3.32166e-05 4.94944e-05
0.703817 -0.366198 1.41942 1.57535 -0.0141995 -0.018106 0.701091 -0.333273 1.41003 1.57105 -1.73546e-05 2.42908e-05
0.703865 -0.3634 1.41936 1.57506 -0.0143525 -0.017645 0.700526 -0.329308 1.41004 1.57082 -6.9439e-05 4.32585e-05
0.7039 -0.360474 1.4193 1.5747 -0.0143019 -0.0170555 0.701217 -0.326696 1.40997 1.57101 -0.000111585 4.64769e-05
0.703887 -0.357577 1.41931 1.57455 -0.0142991 -0.0171558 0.700249 -0.322893 1.41003 1.57097 0.000164959 -1.78067e-05
0.703833 -0.354574 1.41923 1.57423 -0.0142182 -0.0172157 0.701174 -0.320078 1.41001 1.57103 -5.01646e-05 3.49163e-05
0.703867 -0.351602 1.41921 1.57453 -0.0142283 -0.0171794 0.70063 -0.316054 1.41 1.57079 0.000101266 6.13434e-06
0.70391 -0.348541 1.41912 1.57453 -0.0141644 -0.0166657 0.700499 -0.312715 1.41007 1.57088 -1.19726e-05 0.000200606
0.703935 -0.345564 1.41903 1.57446 -0.014168 -0.016408 0.70121 -0.309924 1.40999 1.57101 -0.000106739 5.52575e-05
0.703945 -0.342422 1.41896 1.57392 -0.0140345 -0.0161365 0.700321 -0.306038 1.41 1.57095 0.000202029 -3.81366e-05
0.703943 -0.339257 1.41883 1.57401 -0.0139921 -0.0157493 0.701214 -0.30312 1.41 1.57103 -5.76343e-05 3.40077e-05
0.703956 -0.336171 1.41879 1.57428 -0.014014 -0.0156814 0.700623 -0.299013 1.40999 1.5708 0.000133376 2.35599e-06
0.703985 -0.332927 1.41868 1.57445 -0.0138335 -0.0154485 0.7005 -0.29557 1.41007 1.57088 -1.26197e-05 0.000202744
0.704011 -0.329849 1.41862 1.57439 -0.0138564 -0.0153032 0.701209 -0.292677 1.41 1.57102 -9.98206e-05 5.2939e-05
0.70403 -0.326659 1.41855 1.57379 -0.0137746 -0.0148845 0.700436 -0.288696 1.40998 1.5709 0.000235534 -5.10131e-05
0.70402 -0.32344 1.41841 1.57355 -0.0137356 -0.0143722 0.700539 -0.28506 1.41008 1.57086 -2.68649e-05 0.000166568
0.704023 -0.320269 1.41837 1.57364 -0.0137652 -0.0144077 0.701225 -0.282117 1.41 1.57101 -0.000103619 5.9346e-05
0.703996 -0.316975 1.41829 1.5737 -0.0135886 -0.0142171 0.700388 -0.278114 1.40998 1.57092 0.000215223 -4.91367e-05
0.704048 -0.313648 1.41815 1.57378 -0.0135126 -0.0136578 0.701236 -0.275052 1.41001 1.57103 -6.12167e-05 3.60242e-05
0.704027 -0.310453 1.41808 1.57381 -0.0135095 -0.0135944 0.700618 -0.270845 1.40998 1.57081 0.000141478 8.41258e-06
0.703972 -0.307148 1.41801 1.57346 -0.0133516 -0.0136582 0.700382 -0.267642 1.40987 1.57113 -2.68468e-06 0.000100968
0.704056 -0.303815 1.41796 1.5735 -0.0132609 -0.0134976 0.701308 -0.264278 1.41 1.57103 -6.72445e-05 4.95899e-05
0.704093 -0.300401 1.41779 1.57335 -0.0130408 -0.0128069 0.700587 -0.260071 1.40997 1.57083 0.000180824 -2.24446e-06
0.704108 -0.296962 1.41759 1.57364 -0.012806 -0.0122781 0.700387 -0.256802 1.40988 1.57113 -1.53706e-06 9.62983e-05
0.704141 -0.293557 1.41739 1.57368 -0.0126645 -0.0119983 0.701301 -0.253383 1.41001 1.57102 -7.18724e-05 5.62189e-05
0.704136 -0.290142 1.41726 1.57337 -0.0124676 -0.0116777 0.700573 -0.249184 1.40997 1.57084 0.000191089 -6.97285e-06
0.704176 -0.286676 1.41706 1.57338 -0.0122918 -0.0110908 0.700387 -0.245859 1.40989 1.57112 -3.00645e-06 9.08639e-05
0.704187 -0.28336 1.41689 1.57328 -0.0122512 -0.0107892 0.701289 -0.242395 1.41003 1.57102 -7.52532e-05 6.35524e-05
0.704176 -0.279934 1.41672 1.57285 -0.0119864 -0.010443 0.700562 -0.238208 1.40997 1.57085 0.000195712 -9.87383e-06
0.704205 -0.27642 1.41652 1.5731 -0.0118245 -0.00989663 0.700386 -0.234833 1.40989 1.57111 -5.66625e-06 8.56212e-05
0.704245 -0.273042 1.41636 1.5729 -0.0117273 -0.00943166 0.701273 -0.231329 1.41004 1.57101 -7.7524e-05 7.14502e-05
0.704244 -0.269506 1.41622 1.57252 -0.0114897 -0.00915088 0.700553 -0.227158 1.40997 1.57086 0.000196491 -1.11583e-05
0.704211 -0.265985 1.41598 1.57255 -0.0112657 -0.00867956 0.700386 -0.223741 1.4099 1.5711 -9.02868e-06 8.0811e-05
0.704249 -0.262502 1.41587 1.5728 -0.011141 -0.0084238 0.701255 -0.220204 1.41006 1.57101 -7.88477e-05 7.97475e-05
0.704246 -0.25889 1.4157 1.5728 -0.0107818 -0.00801011 0.700547 -0.216051 1.40997 1.57087 0.000194629 -1.10106e-05
0.704248 -0.255252 1.41551 1.5728 -0.0105371 -0.00767793 0.701374 -0.212899 1.41007 1.57104 7.52346e-05 6.22484e-05
0.704281 -0.251664 1.41535 1.57296 -0.0103128 -0.00744031 0.70061 -0.208541 1.40997 1.57085 9.35472e-05 6.69399e-05
0.704321 -0.248025 1.41518 1.57275 -0.010023 -0.00704072 0.700392 -0.205172 1.4099 1.5711 -1.56681e-05 7.83129e-05
0.704419 -0.244451 1.41506 1.57291 -0.00986804 -0.00665535 0.701227 -0.201585 1.41008 1.57101 -7.45705e-05 8.71641e-05
0.704419 -0.240825 1.41482 1.57267 -0.00957025 -0.00605696 0.700559 -0.19744 1.40998 1.57087 0.000178893 4.39793e-06
0.704396 -0.237171 1.41459 1.57269 -0.00922551 -0.00566018 0.701341 -0.194251 1.4101 1.57104 7.17391e-05 6.05365e-05
0.704402 -0.233585 1.41442 1.57258 -0.00907596 -0.00540308 0.700585 -0.189926 1.40998 1.57086 8.86427e-05 6.77931e-05
0.70441 -0.229931 1.41422 1.57253 -0.00874688 -0.00498739 0.700394 -0.186526 1.40992 1.57108 -2.09025e-05 7.33175e-05
0.704504 -0.226257 1.41411 1.57263 -0.00846962 -0.00470598 0.701189 -0.182906 1.41011 1.571 -7.52596e-05 0.000103518
0.704487 -0.22257 1.41391 1.57231 -0.00815684 -0.00432071 0.700547 -0.178821 1.40999 1.57088 0.000173457 5.69945e-06
0.70448 -0.218879 1.41366 1.57242 -0.00780721 -0.00382412 0.701293 -0.175592 1.41013 1.57104 6.93555e-05 6.45016e-05
0.704544 -0.215146 1.41349 1.57262 -0.00753563 -0.00336458 0.700548 -0.171315 1.40999 1.57087 8.00352e-05 6.50447e-05
0.704566 -0.211441 1.4133 1.57273 -0.00716419 -0.00290243 0.701231 -0.168149 1.41013 1.57105 7.29794e-05 6.90294e-05
0.704625 -0.207682 1.41322 1.57297 -0.00690344 -0.00281191 0.700527 -0.16389 1.41 1.57088 7.30223e-05 6.36645e-05
0.704589 -0.203944 1.41304 1.57294 -0.00655485 -0.00263078 0.701196 -0.160717 1.41014 1.57105 7.21421e-05 7.50095e-05
0.704623 -0.200223 1.41293 1.57294 -0.00621847 -0.00240605 0.700575 -0.156608 1.40983 1.57099 -0.000113051 0.000118676
0.704636 -0.196401 1.41272 1.57302 -0.00581198 -0.00188649 0.701294 -0.15331 1.41018 1.57093 0.000294484 -0.000218154
0.704649 -0.192747 1.41253 1.57315 -0.00555122 -0.00155334 0.700553 -0.149295 1.40986 1.57098 -0.000234573 5.12664e-06
0.704606 -0.189034 1.41233 1.57318 -0.00524276 -0.00136583 0.701324 -0.145904 1.41017 1.57102 -8.58773e-06 -4.78507e-06
0.704615 -0.185373 1.41219 1.57336 -0.00494279 -0.00124206 0.700658 -0.141778 1.40984 1.57091 2.94443e-05 4.22412e-05
0.704626 -0.181717 1.412 1.57319 -0.00466252 -0.000759794 0.701235 -0.138601 1.41008 1.57108 7.88049e-05 7.51429e-05
0.704716 -0.177946 1.41187 1.57316 -0.00437077 -0.000303146 0.700588 -0.13449 1.40985 1.57098 -9.53582e-05 0.000127838
0.704693 -0.170534 1.41151 1.57335 -0.00364725 0.000112548 0.701149 -0.131389 1.41018 1.57108 -8.99616e-05 -0.000106463
0.704613 -0.166883 1.41127 1.57389 -0.00333315 0.000332881 0.701482 -0.127526 1.41006 1.57102 -7.9999e-05 6.33389e-05
0.704572 -0.163568 1.41108 1.57538 -0.00310006 0.000556264 0.700561 -0.12346 1.41 1.57086 0.000144488 2.65741e-05
0.704657 -0.160266 1.41104 1.57587 -0.00291193 0.000770977 0.701146 -0.120266 1.41021 1.57102 4.99609e-05 6.23245e-05
0.704728 -0.15704 1.41094 1.57475 -0.00264254 0.00122905 0.701481 -0.1169 1.41019 1.57107 2.47603e-05 -0.000149297
0.704692 -0.153682 1.41077 1.57326 -0.00214963 0.00167762 0.700665 -0.112722 1.40985 1.57094 -0.000198893 7.68895e-05
0.704662 -0.150264 1.41054 1.5728 -0.0016997 0.00202595 0.701238 -0.109504 1.4102 1.57101 -7.97477e-06 -3.69139e-05
0.704599 -0.146868 1.41031 1.57314 -0.0013611 0.00208759 0.701521 -0.10616 1.41015 1.57113 3.7258e-05 -8.81642e-05
0.704522 -0.143329 1.41004 1.57347 -0.000903527 0.00244488 0.700677 -0.101939 1.40985 1.57091 -0.000109564 7.42832e-05
0.704537 -0.139836 1.40986 1.57405 -0.000468393 0.002921 0.700934 -0.0987989 1.41007 1.57109 1.72395e-05 9.57101e-05
0.704573 -0.136379 1.40974 1.57407 -0.000124069 0.00323032 0.701254 -0.0950915 1.41013 1.57099 -9.00207e-05 0.000171034
0.704509 -0.132833 1.40954 1.57318 0.000224321 0.00349357 0.701537 -0.0917996 1.41022 1.57096 0.000129801 -0.000145072
0.70448 -0.129305 1.40936 1.57296 0.000515442 0.00377768 0.700583 -0.0877568 1.41001 1.57085 -1.9291e-05 0.000106762
0.704481 -0.125782 1.40914 1.57333 0.000836807 0.0040344 0.701307 -0.0844676 1.41044 1.57093 -0.000328212 0.000271392
0.704481 -0.122303 1.40898 1.57338 0.00114698 0.00412236 0.701211 -0.0812905 1.41013 1.57103 -1.13954e-05 -2.09085e-05
0.70445 -0.11876 1.40874 1.57302 0.00161174 0.00469469 0.701417 -0.0780733 1.41017 1.57113 -1.33985e-05 -7.73509e-05
0.704492 -0.115211 1.40854 1.57314 0.00197022 0.00533536 0.701492 -0.0742211 1.4101 1.57096 -0.000179394 0.000125642
0.704484 -0.111779 1.40835 1.5733 0.00221921 0.00552078 0.700773 -0.0708013 1.40995 1.57104 -0.000171246 0.000141693
0.704475 -0.10831 1.40819 1.57349 0.00249262 0.00552116 0.701195 -0.0675954 1.41025 1.57106 -0.000218835 0.000145446
0.704467 -0.104849 1.408 1.57309 0.00288541 0.00575505 0.701208 -0.0642067 1.41014 1.57103 1.70102e-05 1.14514e-05
0.704417 -0.101328 1.40774 1.57291 0.00341345 0.0062857 0.701363 -0.0610173 1.41021 1.57106 3.29704e-05 -0.000128945
0.704397 -0.0978507 1.40757 1.57295 0.00376999 0.00659085 0.701353 -0.0575419 1.4101 1.57105 -3.13635e-06 4.17748e-05
0.704368 -0.0944107 1.40741 1.57314 0.00404485 0.00670922 0.701414 -0.0545081 1.41017 1.57116 -0.000164476 -4.99392e-05
0.704366 -0.0910019 1.40731 1.57352 0.00424632 0.00675487 0.700401 -0.0505773 1.41004 1.57093 -6.08445e-05 0.0001525
0.704374 -0.0876249 1.4072 1.57355 0.00454866 0.0068968 0.701017 -0.0472241 1.41055 1.5708 -0.000271231 0.000158931
0.704355 -0.0841657 1.40709 1.57338 0.00491668 0.00706772 0.700934 -0.0443434 1.41023 1.57101 1.5339e-05 3.85682e-05
0.704268 -0.0806833 1.4069 1.57262 0.00556678 0.00764348 0.701094 -0.0412865 1.4103 1.57104 4.08913e-05 -0.000102186
0.704216 -0.0772306 1.40678 1.57274 0.00598166 0.00793251 0.701118 -0.0379612 1.41019 1.57103 -8.1195e-06 6.40626e-05
0.704125 -0.0738024 1.40665 1.5736 0.00620709 0.00781155 0.70118 -0.0350612 1.41025 1.57114 -0.000158063 -1.45499e-05
0.704079 -0.0704662 1.4066 1.57429 0.00629092 0.00762125 0.701087 -0.0316402 1.41014 1.57105 -9.13817e-05 5.99354e-05
0.704054 -0.0671144 1.40652 1.57438 0.00649458 0.0075886 0.701077 -0.0284774 1.41018 1.57102 -4.14839e-05 8.26801e-05
0.704035 -0.0637618 1.40648 1.5742 0.00667434 0.00754584 0.70106 -0.0252958 1.41019 1.57099 -6.03028e-05 0.000155851
0.703989 -0.0604181 1.40637 1.57374 0.00702632 0.00765133 0.700989 -0.0225817 1.41009 1.57119 0.000143411 0.000131244
0.703955 -0.057074 1.40624 1.57365 0.0073565 0.00787957 0.701093 -0.019492 1.41027 1.57106 1.98444e-05 -6.07673e-05
0.703908 -0.0536977 1.40613 1.57421 0.00762987 0.00806925 0.701052 -0.0162817 1.41021 1.57103 -7.37031e-06 6.35787e-05
0.703838 -0.0504791 1.40605 1.57482 0.00779067 0.00808516 0.701067 -0.0135204 1.41028 1.57111 -0.000113182 -1.65842e-05
0.703785 -0.0472661 1.40601 1.575 0.00795313 0.00804074 0.700964 -0.0103583 1.4102 1.57105 -6.40027e-05 1.70158e-05
0.703733 -0.0440807 1.40597 1.57468 0.00815089 0.00797225 0.700959 -0.00723313 1.41024 1.57096 -8.8744e-05 0.000163343
0.703681 -0.0409284 1.40593 1.57453 0.00835686 0.00794081 0.700868 -0.00471372 1.41013 1.57121 -1.52484e-05 0.000249191
0.703617 -0.0377349 1.40587 1.57447 0.00861363 0.00794894 0.701 -0.0016449 1.41034 1.57101 -5.43157e-05 7.62131e-05
0.703555 -0.0346014 1.40576 1.57461 0.0088688 0.00815517 0.700911 0.00136361 1.41025 1.57098 -6.04902e-05 0.000159998
0.703492 -0.0314599 1.40567 1.5751 0.00907436 0.00833122 0.700823 0.00386131 1.41018 1.57114 0.000161412 8.33124e-05
0.703445 -0.0284038 1.40565 1.57519 0.00918421 0.00840312 0.700819 0.00685882 1.41027 1.57101 -2.35942e-05 9.04732e-05
0.703376 -0.0253126 1.4056 1.57503 0.0093081 0.00835108 0.700821 0.00936196 1.41033 1.57113 -0.000163581 5.72189e-05
0.703297 -0.0223453 1.40549 1.5749 0.00955698 0.00837089 0.70078 0.0120284 1.41028 1.57122 -0.000280451 0.000118027
0.703233 -0.0193918 1.40541 1.57481 0.00982325 0.00841086 0.700805 0.0148457 1.41028 1.57104 8.82277e-05 0.000103616
0.703169 -0.0164104 1.40534 1.57509 0.0100522 0.00845192 0.70079 0.0175367 1.41027 1.57113 7.69274e-05 0.000154641
0.703111 -0.0135293 1.40524 1.57519 0.0102539 0.00856614 0.700776 0.020037 1.41034 1.57112 -0.000158109 8.54613e-05
0.703065 -0.0106385 1.40517 1.5751 0.0104469 0.00869642 0.700804 0.0229177 1.4104 1.57094 0.000196354 -0.000100563
0.703013 -0.00779379 1.40511 1.57493 0.0105376 0.00871967 0.700786 0.0254311 1.41034 1.57104 6.09181e-05 0.000102281
0.70295 -0.00498046 1.40505 1.5748 0.0106617 0.00869408 0.70069 0.0280086 1.41031 1.571 -1.64336e-05 8.79875e-05
0.702894 -0.00211513 1.40501 1.57482 0.0108632 0.00863434 0.700667 0.0303173 1.41036 1.57108 -8.10356e-05 3.49856e-05
0.70283 0.000686816 1.40494 1.57485 0.0111259 0.00864632 0.700608 0.0329689 1.41032 1.57101 -2.76558e-05 8.52396e-05
0.702753 0.0034844 1.40485 1.57489 0.0114125 0.00865171 0.700595 0.0351936 1.41037 1.5711 -9.69376e-05 7.37168e-05
0.702681 0.00623454 1.40478 1.57492 0.0116593 0.00865887 0.700592 0.0376687 1.4104 1.57107 -0.000136269 7.91884e-05
0.702614 0.00893076 1.40471 1.57481 0.0117867 0.00870317 0.700522 0.0398991 1.41035 1.57113 -8.78769e-05 2.40492e-06
0.702552 0.0115542 1.40468 1.57475 0.0118278 0.00867435 0.700497 0.0420507 1.41025 1.57119 -3.44778e-05 0.000237429
0.702492 0.0141788 1.40467 1.57476 0.0118398 0.00862408 0.700552 0.0447218 1.41044 1.57101 -6.74271e-05 0.000120295
0.702417 0.0167478 1.40461 1.57479 0.0119082 0.00862304 0.700485 0.0470837 1.41036 1.57098 -1.82985e-05 0.00013141
0.702349 0.0192648 1.40454 1.5748 0.0120549 0.00870308 0.700436 0.0490081 1.41027 1.57119 4.32384e-05 0.000258934
0.702283 0.0218728 1.40453 1.57463 0.0121833 0.00864852 0.700454 0.0514098 1.41045 1.57094 0.000115787 -3.31468e-05
0.702207 0.0243923 1.40448 1.57456 0.0124082 0.0086066 0.700444 0.0535124 1.41039 1.57105 6.55817e-05 0.000141255
0.70212 0.0268908 1.40441 1.57473 0.0126838 0.00857675 0.700416 0.0555899 1.41044 1.57101 1.00591e-06 1.12618e-05
0.702051 0.0293937 1.40439 1.57472 0.0129212 0.00847008 0.700401 0.0577186 1.41042 1.57102 0.00010771 2.4602e-05
0.701997 0.0318198 1.40439 1.57478 0.0130346 0.00839871 0.700387 0.0597134 1.41038 1.57108 7.18269e-05 0.000163539
0.701951 0.0342388 1.40436 1.57479 0.0131162 0.00841107 0.700365 0.0616572 1.41043 1.57105 -6.80367e-05 8.21294e-05
0.701898 0.0365763 1.40432 1.57467 0.0131855 0.00847373 0.700309 0.0634742 1.41041 1.57117 -0.000310768 3.17673e-05
0.701844 0.0388345 1.40424 1.57462 0.0132445 0.00859068 0.700313 0.065459 1.41037 1.57119 -2.79589e-05 0.000169991
0.701778 0.0411199 1.40417 1.57471 0.0133128 0.0086485 0.7003 0.0675793 1.41046 1.5709 0.00019669 -0.000113392
0.701716 0.0433361 1.40416 1.5748 0.0133303 0.00864505 0.700308 0.0694684 1.41044 1.57101 4.07284e-05 0.000125151
0.701663 0.0455256 1.40412 1.57466 0.0134977 0.00865138 0.700279 0.0712556 1.41046 1.57099 3.19284e-05 1.25534e-05
0.701612 0.0477237 1.40408 1.57447 0.0136843 0.00862135 0.700262 0.0731272 1.4104 1.57098 -6.82344e-06 0.000130054
0.701563 0.0498769 1.40402 1.57433 0.0139229 0.00865908 0.700246 0.0747358 1.41044 1.57103 -5.7311e-05 8.27084e-05
0.701503 0.0519978 1.40394 1.57433 0.0142039 0.00866946 0.700347 0.0769495 1.41051 1.57085 3.42232e-05 0.000532666
0.701444 0.0540622 1.40386 1.57431 0.0144003 0.00871229 0.700225 0.078265 1.41041 1.57097 5.70446e-06 0.000121184
0.701395 0.0561132 1.40381 1.57439 0.0145136 0.00878633 0.700209 0.0797374 1.41036 1.5711 4.95854e-05 0.000208999
0.701355 0.0581185 1.40377 1.57418 0.0145272 0.00882661 0.700199 0.0811282 1.41039 1.5712 -0.000197393 0.000237399
0.701307 0.0600269 1.40372 1.57416 0.014536 0.00881712 0.700166 0.0827232 1.41039 1.57111 2.78801e-06 3.40527e-05
0.701276 0.0618955 1.40367 1.5743 0.0145665 0.00889995 0.700168 0.0843066 1.41042 1.57109 -0.000109115 6.90107e-05
0.701246 0.0637406 1.40366 1.57432 0.0145311 0.00891172 0.700181 0.0858829 1.41031 1.57099 0.000169358 0.00028562
0.701217 0.0655393 1.40365 1.57407 0.0145357 0.00890702 0.70015 0.0872052 1.41039 1.57118 -0.000156805 0.000131909
0.70118 0.0673363 1.40365 1.57382 0.0144883 0.00886719 0.70018 0.0891961 1.41056 1.57098 0.000147797 8.2838e-05
0.701143 0.0690797 1.40365 1.57357 0.0144736 0.00883348 0.700223 0.090357 1.41062 1.57089 -0.000375326 0.000386941
0.701103 0.0708246 1.40364 1.57361 0.014503 0.00881659 0.700168 0.0918678 1.41057 1.57083 5.77483e-05 0.000142094
0.701065 0.0725878 1.40364 1.57349 0.0145855 0.00881616 0.700176 0.0930047 1.41056 1.57105 -0.000113873 0.000391354
0.701013 0.0742941 1.40363 1.57342 0.0146565 0.00879832 0.700106 0.0942776 1.41066 1.57071 0.000168439 -0.000243344
0.700948 0.0759914 1.40362 1.57342 0.0147669 0.00873109 0.700109 0.095524 1.41047 1.57097 2.79737e-05 0.000149501
0.700884 0.0776032 1.40362 1.57343 0.0148423 0.00864176 0.700139 0.0969124 1.4106 1.57086 -0.000221571 0.00023833
0.700825 0.0791778 1.40361 1.57334 0.0149077 0.00854175 0.700087 0.0977659 1.41045 1.57109 -2.17115e-05 0.00010869
0.70079 0.0806669 1.40359 1.57327 0.0148217 0.00857613 0.700144 0.0994643 1.41055 1.57081 -4.53182e-05 0.000351456
0.700774 0.0821174 1.40357 1.57305 0.0146727 0.00867871 0.700066 0.0997691 1.41067 1.5714 -0.000125241 -1.91123e-05
0.700752 0.0835538 1.40356 1.57302 0.0145249 0.00873908 0.700108 0.101391 1.41065 1.57082 -5.88437e-05 0.000206405
0.700741 0.0849592 1.4036 1.57288 0.0143708 0.00876901 0.700052 0.101714 1.41068 1.5714 2.96944e-05 7.88695e-05
0.70071 0.0863251 1.40361 1.57306 0.0143125 0.00877548 0.700037 0.102938 1.41046 1.5711 1.6827e-05 0.000114189
0.700673 0.0876918 1.40365 1.57288 0.0142429 0.00873213 0.700045 0.104444 1.41049 1.57083 0.000297407 3.72181e-05
0.700617 0.0889781 1.4037 1.57304 0.0141419 0.00857418 0.700003 0.104688 1.41066 1.57132 -0.000118078 -0.000159054
0.700556 0.0902494 1.40375 1.57283 0.0139806 0.00831282 0.70011 0.106134 1.41063 1.57049 -0.000290088 0.00036453
0.700511 0.091538 1.40385 1.57268 0.0138672 0.00806842 0.699997 0.106637 1.41066 1.57154 2.09768e-05 8.56617e-05
0.700489 0.0927295 1.40393 1.57271 0.0137398 0.0079566 0.699997 0.106637 1.41066 1.57154 2.09768e-05 8.56617e-05
0.700473 0.0939393 1.40403 1.5726 0.0135776 0.00783992 0.700017 0.108681 1.41053 1.57093 -7.12218e-05 9.15344e-05
0.700458 0.0950479 1.40408 1.57299 0.0135452 0.00782072 0.700017 0.108681 1.41053 1.57093 -7.12218e-05 9.15344e-05
0.700434 0.0960747 1.4041 1.57299 0.0134691 0.00775805 0.700034 0.110131 1.41062 1.57092 -0.000197609 0.000233082
0.700419 0.0971321 1.40415 1.57233 0.0132962 0.00764323 0.700034 0.110131 1.41062 1.57092 -0.000197609 0.000233082
0.700409 0.0981284 1.40418 1.57195 0.0132246 0.00760668 0.699995 0.111027 1.41045 1.57113 2.35784e-05 8.42864e-05
0.700395 0.099144 1.40425 1.57191 0.0131301 0.00753692 0.700035 0.112104 1.41044 1.57125 0.00010047 0.000486353
0.700364 0.100076 1.40429 1.57216 0.0130732 0.00743631 0.699995 0.11211 1.41066 1.57116 -0.000317067 -4.13836e-05
0.700331 0.10101 1.40433 1.57217 0.0129968 0.00731146 0.699991 0.113424 1.41063 1.57096 1.20901e-05 -1.95316e-05
0.700323 0.101939 1.4044 1.572 0.0128745 0.00725912 0.699991 0.113424 1.41063 1.57096 1.20901e-05 -1.95316e-05
0.700313 0.102818 1.40452 1.57182 0.012668 0.007107 0.699991 0.113424 1.41063 1.57096 1.20901e-05 -1.95316e-05
0.700309 0.103675 1.40465 1.57147 0.0124428 0.00691241 0.700036 0.114341 1.41056 1.57109 -0.000115064 0.000550032
0.700303 0.104446 1.40479 1.57168 0.0121785 0.00667429 0.699994 0.115139 1.41048 1.571 1.61738e-05 0.00015092
0.700299 0.105143 1.4049 1.57191 0.0119405 0.00656256 0.699994 0.115139 1.41048 1.571 1.61738e-05 0.00015092
0.7003 0.105855 1.40499 1.57163 0.011679 0.00646903 0.699994 0.115139 1.41048 1.571 1.61738e-05 0.00015092
0.700289 0.106562 1.40507 1.57126 0.0114085 0.00632408 0.699987 0.116715 1.41054 1.57076 0.000195803 1.91347e-05
0.700289 0.107185 1.40509 1.57124 0.0112992 0.00633457 0.699987 0.116715 1.41054 1.57076 0.000195803 1.91347e-05
0.70028 0.107827 1.40514 1.57122 0.011182 0.00630737 0.699987 0.116715 1.41054 1.57076 0.000195803 1.91347e-05
0.700283 0.1085 1.40521 1.57081 0.0110564 0.00626134 0.699939 0.117003 1.41064 1.57134 -3.6259e-05 -8.08128e-05
0.700274 0.10913 1.4053 1.57087 0.0108955 0.00617065 0.699939 0.117003 1.41064 1.57134 -3.6259e-05 -8.08128e-05
0.700266 0.109701 1.4054 1.57113 0.0106989 0.00606193 0.699939 0.117003 1.41064 1.57134 -3.6259e-05 -8.08128e-05
0.700251 0.11024 1.40553 1.57135 0.0104434 0.00591754 0.699939 0.117003 1.41064 1.57134 -3.6259e-05 -8.08128e-05
0.700232 0.110722 1.40566 1.57143 0.0102012 0.00573199 0.699988 0.118413 1.41046 1.57097 7.67538e-06 0.00014016
0.700227 0.111142 1.40577 1.57137 0.00998923 0.00558037 0.699988 0.118413 1.41046 1.57097 7.67538e-06 0.00014016
0.700215 0.111567 1.40589 1.57097 0.00972098 0.00538347 0.699988 0.118413 1.41046 1.57097 7.67538e-06 0.00014016
0.700221 0.112026 1.40602 1.57033 0.00940379 0.00516481 0.699988 0.118413 1.41046 1.57097 7.67538e-06 0.00014016
0.700233 0.112463 1.40609 1.57042 0.00924956 0.00510554 0.699988 0.118413 1.41046 1.57097 7.67538e-06 0.00014016
0.700239 0.112864 1.40616 1.57073 0.00908803 0.00505376 0.699988 0.118413 1.41046 1.57097 7.67538e-06 0.00014016
0.700234 0.113231 1.40624 1.57081 0.00893597 0.00497718 0.699988 0.118413 1.41046 1.57097 7.67538e-06 0.00014016
0.700225 0.11356 1.40635 1.57078 0.00869337 0.00484808 0.699988 0.118413 1.41046 1.57097 7.67538e-06 0.00014016
0.700218 0.113852 1.40646 1.57066 0.00846348 0.00472422 0.700032 0.120054 1.41054 1.57077 -4.42036e-05 0.000466126
0.700206 0.114126 1.40656 1.57047 0.00825665 0.00458481 0.700032 0.120054 1.41054 1.57077 -4.42036e-05 0.000466126
0.700195 0.114436 1.4067 1.57016 0.00800074 0.00441005 0.700032 0.120054 1.41054 1.57077 -4.42036e-05 0.000466126
0.700202 0.114832 1.40685 1.56972 0.00771374 0.00425385 0.700032 0.120054 1.41054 1.57077 -4.42036e-05 0.000466126
0.700202 0.115226 1.40698 1.56991 0.00751918 0.00411987 0.700032 0.120054 1.41054 1.57077 -4.42036e-05 0.000466126
0.700199 0.115569 1.4071 1.57024 0.0073164 0.00397921 0.700032 0.120054 1.41054 1.57077 -4.42036e-05 0.000466126
0.700186 0.115902 1.40722 1.57047 0.00715372 0.00381548 0.700032 0.120054 1.41054 1.57077 -4.42036e-05 0.000466126
0.70018 0.116191 1.40733 1.57051 0.00697109 0.00368396 0.700032 0.120054 1.41054 1.57077 -4.42036e-05 0.000466126
0.700172 0.116442 1.40741 1.5704 0.00681233 0.00359082 0.700032 0.120054 1.41054 1.57077 -4.42036e-05 0.000466126
0.700175 0.116653 1.40748 1.57022 0.00666075 0.0035455 0.700032 0.120054 1.41054 1.57077 -4.42036e-05 0.000466126
0.700173 0.116846 1.40755 1.57019 0.00650782 0.00348329 0.700032 0.120054 1.41054 1.57077 -4.42036e-05 0.000466126
0.700185 0.117014 1.40759 1.57023 0.00637979 0.00349845 0.700032 0.120054 1.41054 1.57077 -4.42036e-05 0.000466126
0.700194 0.117177 1.40765 1.57021 0.00625249 0.00347819 0.700032 0.120054 1.41054 1.57077 -4.42036e-05 0.000466126
